2.221316239889472323e-14
2.023883317321013473e-14
1.391783580663934894e-14
1.721554494048908625e-14
1.378775533485554841e-14
1.361031247944162889e-14
4.489411588645329462e-14
1.892847448606270971e-15
2.037482057296888503e-14
1.318701869203542413e-14
1.318701869203542413e-14
2.549740493550256083e-14
3.574826032068117504e-14
1.773908427244729692e-14
5.453571182857862973e-15
1.127359285581841609e-14
1.869778628995781915e-14
2.747819614108776956e-14
1.480808499603963397e-14
1.152136525237823711e-14
1.277876999925731189e-14
2.687842575459242868e-14
2.687842575459242868e-14
1.296244343537630266e-14
1.296244343537630266e-14
5.878931882137571579e-15
4.954628541903032344e-15
1.005842267275723785e-14
2.869694934383184722e-15
2.081585802311281767e-14
1.596962618372043351e-14
1.182880399021240644e-14
2.749449006732646755e-14
2.115002545061510352e-14
3.317722051203038347e-14
3.386189025478553874e-14
2.855829555621352863e-14
1.600194044949230861e-14
2.992235625518210029e-14
