4.305723405017316542e-15 6.914464503339598391e-15 3.163782530693244185e-14 7.298879190557932265e-14 8.084755461952855700e-14 2.026572741991329690e-13 8.086072859398721091e-13 3.176853493529789856e-13 3.184300226138278880e-13 1.504570769300223448e-13 1.108676694455242116e-13 1.714097888559231120e-14 4.360049621436792981e-15
4.305723405017316542e-15 8.111662066240675642e-15 2.394934777095467686e-14 4.857382256172308170e-14 7.614831765477377681e-14 2.670979997592541410e-13 4.305794820138952599e-13 2.958884802916223486e-13 2.776324917254975390e-13 1.476619083316773968e-13 9.356103315586855668e-14 1.467174945848539921e-14 4.360049621436792981e-15
4.305723405017316542e-15 8.267152887732560253e-15 2.097459006333930964e-14 2.566847669834064286e-14 3.387461369465268205e-14 1.063649180343430772e-13 8.559767912361642626e-14 1.516595418178911962e-13 1.554056795026694570e-13 7.631791413473529073e-14 3.725832741173870642e-14 1.145173267020804464e-14 4.360049621436792981e-15
4.305723405017316542e-15 9.762693045966776972e-15 1.591741845893791326e-14 2.746753237629598371e-14 2.695536163317071277e-14 3.892183927072052498e-14 3.246819991034354393e-16 4.381294162610100808e-14 5.934140971106110278e-14 3.011063423316889052e-14 1.734157039182625226e-14 9.547912285866586340e-15 4.360049621436792981e-15
4.305723405017316542e-15 6.305531341870819416e-15 1.234623573556905192e-14 2.832576014431941161e-14 2.308635935777876492e-14 1.790121909503411703e-14 1.120508725155842599e-14 2.238809891828616622e-14 4.736185600602804586e-14 2.613552905587066329e-14 1.447849457842177162e-14 7.538480311240096562e-15 4.360049621436792981e-15
4.305723405017316542e-15 4.715404735939624846e-15 8.148931185216538621e-15 2.124822605196169519e-14 6.612168432849549991e-15 9.446042274544442629e-15 1.909908584862141001e-16 3.595941404724601910e-14 2.522311473162815339e-14 2.134077680937066987e-14 1.046367234345636118e-14 5.401949895912401421e-15 4.360049621436792981e-15
4.305723405017316542e-15 4.112729802341046609e-15 2.821655329809591691e-15 6.038532602898093779e-15 1.332655854482650031e-15 9.181081650365561875e-16 3.549352184270315870e-15 1.726934110090144013e-15 9.462054343435336993e-15 9.210414092264630888e-15 8.406261997011815287e-15 4.791876026344189008e-15 4.360049621436792981e-15
4.305723405017316542e-15 3.406131798710353687e-15 1.010318231366567747e-15 9.269038322986667565e-16 4.743867153483419476e-16 1.169739732861009178e-15 3.005675214045339926e-13 3.110768487624605201e-17 3.551927706865845498e-15 6.342040883642967396e-15 3.988071539242493807e-15 4.570946045176299936e-15 4.360049621436792981e-15
4.305723405017316542e-15 3.867536912722028740e-15 1.369108575386624610e-15 1.055898294765089027e-15 4.535650017326822005e-16 2.670503176786673687e-17 1.587666290901358592e-18 4.086681923246470897e-16 3.045929129841618359e-15 3.326508868719852988e-15 2.035121624935390643e-15 3.868421798646595843e-15 4.360049621436792981e-15
4.305723405017316542e-15 2.624571405666410081e-15 1.444636179504014789e-15 9.735912736649362185e-16 3.586763615119214996e-16 7.637328050920373388e-17 1.932040795092776493e-18 6.505813658012698146e-18 6.666713240799119866e-16 1.831434975275451841e-15 1.068780046498089828e-15 3.028110949180570380e-15 4.360049621436792981e-15
4.305723405017316542e-15 2.313762352725448876e-15 2.887276307082675350e-15 2.010680980627969161e-15 9.414259511733861591e-16 9.694758755937975741e-16 1.404567525887132257e-18 5.948466367289155145e-17 3.643927396265063008e-16 8.696039121829652387e-16 7.777587996669522538e-16 1.734211140421997220e-15 4.360049621436792981e-15
4.305723405017316542e-15 2.112857057611222602e-15 2.391697309502277958e-15 1.457474340165675781e-15 1.067494460476231091e-15 4.602303762374614674e-16 9.217035890735272084e-19 1.251055896386723877e-17 4.076172917017380909e-16 3.527692832429376558e-16 7.660723785774643932e-16 2.069126380215282922e-15 4.360049621436792981e-15
4.305723405017316542e-15 2.595890990967919987e-15 1.303706167416991063e-15 2.675115401732919357e-16 4.098043739526241639e-15 2.240010962033785829e-17 7.715327538818385231e-19 7.089428586616552370e-17 1.565001396902147449e-16 3.252216591509304045e-16 8.128064574216947428e-16 2.012228823886678017e-15 4.360049621436792981e-15
4.305723405017316542e-15 2.848001607634652480e-15 1.125218899066933912e-15 1.476226063800287267e-16 8.262704677778876219e-16 1.829898366458016988e-17 5.271729111214930004e-19 7.372668502150620678e-17 2.425092623795060375e-16 3.816012599330520850e-16 8.705450475515826481e-16 2.252511524096651035e-15 4.360049621436792981e-15
4.305723405017316542e-15 2.870953170422680016e-15 9.069049041097496712e-16 2.589524467481556535e-16 8.403334764530130137e-16 1.097978395000418726e-15 4.150227403581429381e-19 7.774234456895831941e-17 1.187824845685377301e-15 4.723098382884660870e-16 9.516742992369172501e-16 2.364232041140612986e-15 4.360049621436792981e-15
4.305723405017316542e-15 3.148942517780172812e-15 1.130126221128314828e-15 3.171166141953007220e-16 1.600038817330260679e-15 3.998807668663837274e-15 5.937092386705049397e-19 9.464624161055879272e-17 1.354074854790760606e-15 8.018971651362980974e-16 1.220494217078485850e-15 2.747227613235288088e-15 4.360049621436792981e-15
4.305723405017316542e-15 3.221582776176773072e-15 2.238535571234179092e-15 5.980860300811625919e-16 1.025150914141391303e-15 4.384502459559615739e-15 4.409829177404402081e-19 5.443627544515279205e-16 1.260934541213586507e-15 9.030559167503575817e-16 2.820381737244509618e-15 3.631277542050115150e-15 4.360049621436792981e-15
4.305723405017316542e-15 3.684648153588253701e-15 3.982412399391757004e-15 1.625485191367457632e-15 1.721677070572922004e-15 2.369314170550500150e-15 2.505157280130567734e-19 1.212758954826110996e-15 2.230684896240977696e-15 1.515679914907705862e-15 3.847222778171911604e-15 3.891012764806354752e-15 4.360049621436792981e-15
4.305723405017316542e-15 4.869625078899277437e-15 4.875501642302680390e-15 4.342438830147842619e-15 1.739617504674791215e-15 1.347388053983617750e-15 2.375965775440316775e-19 2.072743052525910210e-15 1.941847826223838677e-14 1.941980716375693826e-14 8.872056121803586841e-15 3.658303909213203140e-15 4.360049621436792981e-15
4.305723405017316542e-15 4.684853128941298000e-15 6.719394370606059465e-15 9.092265986479472795e-15 6.785754158406225966e-15 2.154589067911498978e-15 2.830907742314066684e-14 7.585200260924336630e-14 9.722381415348827120e-14 7.852109514984657874e-14 3.169105608033128469e-14 4.723461043001739054e-15 4.360049621436792981e-15
4.305723405017316542e-15 6.383329038433196524e-15 5.919805168059432473e-15 1.642673501495029632e-14 3.208493237220566226e-14 3.694505987719242755e-14 1.579865065063322188e-05 1.108652847594703733e-13 1.180881165613729492e-13 8.768811950775759895e-14 6.232482123396018063e-14 5.809129861499325420e-15 4.360049621436792981e-15
4.305723405017316542e-15 5.998730089698591569e-15 6.026779673897122505e-15 3.957391239847166535e-14 5.804931994122813215e-14 8.636918685655034295e-14 6.315126373471115469e-13 1.965876165423083221e-13 1.781631359570912033e-13 9.958413116588449636e-14 9.479831996767707140e-14 9.695157169304608132e-15 4.360049621436792981e-15
4.305723405017316542e-15 7.529657976724897749e-15 1.682664190751544754e-14 4.931777620175920514e-14 6.927234898824418436e-14 8.255765981679433332e-14 2.808152265285581844e-11 1.859639209982543499e-13 2.243416629440286563e-13 1.271096318045112721e-13 9.878470744110412234e-14 1.507050797334063107e-14 4.360049621436792981e-15
4.305723405017316542e-15 7.749707427413035510e-15 2.784556842975370231e-14 6.777033490321328687e-14 8.775089817659593663e-14 9.838466270981037781e-14 1.358900270949184888e-08 1.820059273770511087e-13 2.158556054957461467e-13 1.353562578187906938e-13 9.841739398823807213e-14 1.938345398011030319e-14 4.360049621436792981e-15
