6.566783432521110158e-20 7.043038362689067044e-20 7.106003849610694353e-20 7.599267693735611222e-20 8.246930464246874198e-20 1.127629291208710866e-19 2.834916246891993434e-08 1.427301639508850314e-19 8.122793790310483960e-20 7.498779281462961600e-20 7.100097895670897950e-20 7.253301836036132129e-20 6.670055771420314204e-20
6.566783432521110158e-20 7.078812552259887414e-20 7.156758360762997596e-20 7.126944542964603528e-20 8.201135687754933888e-20 1.039570394175507247e-19 3.009451182572922039e-08 8.852758560061766144e-20 8.502864168087971507e-20 7.067446212131447387e-20 7.200787231337749101e-20 7.133091864366800500e-20 6.670055771420314204e-20
6.566783432521110158e-20 7.090535281245460009e-20 7.284883349927809658e-20 7.158624678337567711e-20 7.373940943995058054e-20 7.128379389407906857e-20 4.642482764898727209e-11 7.304486953189469837e-20 7.414121858259942885e-20 7.199527882811651652e-20 7.259651924263486771e-20 7.124416767067048264e-20 6.670055771420314204e-20
6.566783432521110158e-20 7.086256000352061488e-20 7.180250842996250874e-20 6.945460810442980149e-20 7.149579848191236818e-20 6.316748919924866545e-20 5.535989115715661007e-20 6.147371806398058215e-20 7.072609252733172487e-20 6.889242972173848504e-20 7.103628295758559761e-20 7.110680252051462250e-20 6.670055771420314204e-20
6.566783432521110158e-20 6.940180292798665535e-20 7.279041874364969339e-20 6.879922419805676519e-20 6.862011108807720951e-20 6.681914417591653050e-20 5.249642933152623478e-20 6.218747899352717789e-20 6.644479724826957769e-20 6.826436016077764609e-20 7.215479353117777003e-20 6.982149021466741231e-20 6.670055771420314204e-20
6.566783432521110158e-20 6.926088998872072964e-20 6.941471129475625834e-20 6.707410804940604936e-20 6.533601631363020738e-20 6.342908751607441010e-20 5.750573231494120459e-20 6.277077803903404845e-20 6.564640848910158259e-20 7.008261222597833508e-20 6.869727984552909046e-20 6.938231847475338565e-20 6.670055771420314204e-20
6.566783432521110158e-20 6.929981614340260891e-20 6.911679736331252387e-20 6.798890718633716676e-20 6.568919010880527235e-20 6.314486416531747048e-20 5.514630479458393143e-20 6.163843579852325136e-20 6.506872320237300925e-20 6.820288086532729115e-20 6.863047283466965237e-20 6.884330134655341203e-20 6.670055771420314204e-20
6.566783432521110158e-20 6.924375813002680789e-20 6.491635704474026891e-20 6.830327785773736810e-20 4.823126726092783560e-20 6.310423643341139469e-20 5.759306832673314445e-20 6.192390384435875274e-20 6.361426011731973302e-20 6.699155641557882778e-20 6.556257713383216289e-20 6.941003126409957136e-20 6.670055771420314204e-20
6.566783432521110158e-20 6.813748162822000234e-20 6.627124236566272587e-20 6.656202555629143637e-20 6.458396751424598965e-20 6.443349084562924684e-20 5.969130498889483534e-20 6.221206174718526091e-20 6.261075223050885169e-20 6.662988295615860186e-20 6.741149243134527390e-20 6.737290746718391793e-20 6.670055771420314204e-20
6.566783432521110158e-20 6.790265441596310100e-20 6.574167854000307073e-20 6.567341996310834113e-20 6.319211012711225189e-20 6.227329049611840129e-20 5.631925149806306746e-20 6.140560242343217875e-20 6.235686082560539974e-20 6.687370667587310193e-20 6.673877442704967150e-20 6.848316797182921387e-20 6.670055771420314204e-20
6.566783432521110158e-20 6.830764067821688076e-20 6.573068856273043754e-20 6.646228161062916841e-20 6.379944182814343255e-20 6.325146820965895066e-20 5.759623017939530284e-20 6.171157977750759116e-20 6.262058027371717564e-20 6.576406343888039970e-20 6.831845935035002392e-20 6.856233934874119136e-20 6.670055771420314204e-20
6.566783432521110158e-20 6.823983747204592121e-20 6.787679462631863881e-20 6.569588878796443202e-20 6.563927068135787086e-20 6.269722072258139302e-20 5.804169321050753352e-20 6.371332433009810662e-20 6.377066928503534373e-20 6.449729344434552224e-20 6.766518149637897523e-20 6.772165717506390342e-20 6.670055771420314204e-20
6.566783432521110158e-20 6.815751131986236530e-20 6.698548440986276853e-20 6.442248929350218025e-20 6.204664215209718158e-20 6.004892807670899769e-20 5.446116212768036486e-20 6.039204715022072312e-20 6.279985404148302319e-20 6.328826621944719068e-20 6.657728467357235918e-20 6.858542634685179514e-20 6.670055771420314204e-20
6.566783432521110158e-20 6.769679341697967195e-20 6.716533031410924063e-20 6.540852895008582136e-20 6.516741451922028015e-20 6.349202529684670201e-20 5.770612909004988517e-20 6.449498730970860476e-20 6.448244723398358432e-20 6.452539180219550204e-20 6.693234230715427425e-20 6.809703988369576319e-20 6.670055771420314204e-20
6.566783432521110158e-20 6.804667454456217427e-20 6.632462417005199302e-20 6.646361137130559492e-20 6.586558429211419777e-20 6.473943710579737242e-20 5.802316519045511124e-20 6.410889036999023057e-20 6.309089694060369347e-20 6.595036593695090732e-20 6.693334220609882150e-20 6.821278610582126165e-20 6.670055771420314204e-20
6.566783432521110158e-20 6.764095134494822886e-20 6.572302921367576460e-20 6.687622464362440828e-20 6.293616466523421768e-20 6.033431935703047471e-20 5.717809854000108301e-20 6.128072400625617806e-20 6.326363452560530301e-20 6.649386961795758017e-20 6.675750897458402354e-20 6.886836638065683087e-20 6.670055771420314204e-20
6.566783432521110158e-20 6.704379398450633890e-20 6.575156505196780852e-20 6.668007639852742466e-20 6.391646379453052148e-20 6.239444634023988690e-20 5.760384616701451492e-20 6.198637601815171938e-20 6.518782019601692576e-20 6.646647320925476759e-20 6.753707350454615651e-20 6.886747657790984797e-20 6.670055771420314204e-20
6.566783432521110158e-20 6.845131143308865921e-20 6.575056846573007602e-20 6.737932641732621437e-20 6.357998162199739047e-20 6.278766772760633211e-20 5.828757525869842742e-20 6.042429875024063784e-20 6.411784798800050203e-20 6.744491216891788221e-20 6.574696991978764314e-20 6.943616163383031861e-20 6.670055771420314204e-20
6.566783432521110158e-20 6.892254825377499958e-20 6.871521224573637061e-20 6.758178425913471136e-20 6.545706103103490068e-20 6.242036097110249313e-20 5.578559935353576238e-20 6.365770486991280154e-20 6.697534299295580379e-20 6.780085200598033076e-20 6.942373364299132859e-20 6.966792320314064800e-20 6.670055771420314204e-20
6.566783432521110158e-20 6.899070202849694788e-20 6.912653984461141419e-20 6.805437333952875868e-20 6.421474917928989307e-20 6.008753741485569157e-20 5.607480220812184570e-20 6.232565682931442222e-20 6.481691973563594022e-20 6.774863785585326826e-20 7.006981876401237776e-20 7.037060176787134075e-20 6.670055771420314204e-20
6.566783432521110158e-20 6.866522323572133941e-20 6.943496060292188270e-20 6.883541294751872252e-20 6.818115710517402363e-20 6.223079580579692244e-20 5.296813661735515645e-20 6.319388392762970467e-20 6.749245418627099966e-20 6.768566736474707886e-20 7.087704983674956572e-20 7.055963847250631204e-20 6.670055771420314204e-20
6.566783432521110158e-20 6.864960572135545099e-20 7.035367815704274668e-20 6.915536449259790433e-20 7.015796479825315432e-20 6.314223356957547273e-20 5.570597073552030580e-20 6.093335591301200796e-20 6.992418854383002557e-20 6.795069721600329910e-20 7.114802702779938385e-20 7.067315602348967834e-20 6.670055771420314204e-20
6.566783432521110158e-20 6.924028650817731843e-20 7.228810079034051812e-20 7.179076670020626197e-20 7.271608435008602055e-20 6.926535430493650712e-20 7.171739277485999085e-20 6.989759785765897141e-20 7.178447484497952834e-20 7.202404404899212839e-20 7.213294238370430090e-20 7.179535464257146837e-20 6.670055771420314204e-20
6.566783432521110158e-20 7.184536263957124562e-20 7.092593011595693909e-20 7.487650619832690010e-20 7.835826316156573235e-20 8.166022880777015099e-20 1.253572934103075422e-19 9.481394524156827543e-20 7.999813827649059668e-20 6.962486571131076558e-20 7.007654925842020064e-20 7.158778636296201855e-20 6.670055771420314204e-20
