5.322053204244932304e-15 1.362679232539674303e-13 3.432170406647372172e-12 1.134472439738526256e-11 1.077018237411084528e-11 2.798752199780068934e-12 1.465687272685097183e-08 9.006219416291507781e-13 3.701597908698856594e-12 7.598380419847056992e-12 6.611496089459439019e-12 6.028819885304102135e-12 3.248235395767181168e-12
5.322053204244932304e-15 2.563650425308462062e-13 3.522821749775602953e-12 1.017425811277920984e-11 7.962409561484573140e-12 9.054046651880401517e-12 2.537867913004929245e-09 3.616424970907595911e-12 2.952470309542019112e-12 4.020567928156014041e-12 1.091295485144377008e-11 8.165344345894930527e-12 3.248235395767181168e-12
5.322053204244932304e-15 1.916989481485325308e-13 3.936786421991681625e-12 1.457825380743766534e-11 5.712709644478086350e-12 1.953833239643258710e-12 7.267891819718594815e-11 2.039245778485524030e-12 1.970917765566696762e-12 2.628457253611439775e-12 6.179536830254973343e-12 7.386928285255664451e-12 3.248235395767181168e-12
5.322053204244932304e-15 6.348559717932699764e-14 1.076206694239231596e-11 1.581569263633574525e-11 5.883628303837382820e-12 2.854748301667323037e-12 1.152087519796319171e-10 6.311134859003233677e-12 3.934038278176363334e-12 2.593067254849913820e-12 3.615974912543645893e-12 7.124837859506278408e-12 3.248235395767181168e-12
5.322053204244932304e-15 1.807046725805365301e-14 6.497762992621924244e-12 1.655335664624048769e-11 8.224840651285943837e-12 3.565174217126669414e-12 3.645121742143774829e-11 1.067686270865401582e-11 8.359330869450023386e-12 5.248597767396021453e-12 2.293643138512241780e-12 4.948825888940623163e-12 3.248235395767181168e-12
5.322053204244932304e-15 7.296192630113823417e-15 2.168453690633974308e-12 1.821972024788052859e-11 5.785263789200025083e-12 1.466334520165917545e-11 4.949832702042373825e-13 8.522144662620101274e-12 4.381806688251392605e-12 9.480792987271893781e-12 3.649125415449520480e-12 6.318667413923528453e-12 3.248235395767181168e-12
5.322053204244932304e-15 3.159285672577226423e-15 3.256585610683787895e-13 1.246819624136021682e-12 1.296565910949105604e-15 4.588097365882948570e-15 3.799028982343673792e-14 1.356915177131866258e-13 2.661013168666763940e-12 5.255335683639690289e-12 4.773850863924419144e-12 7.217086982133110191e-12 3.248235395767181168e-12
5.322053204244932304e-15 2.569023832348481694e-15 3.680259508587563146e-15 1.403792671796219525e-13 1.288196291984226356e-15 1.520863352309040849e-15 1.449289552049313835e-14 5.277493370604806913e-15 1.937247127186160767e-13 4.605936894756159884e-12 5.857699638065529171e-12 6.169972841938521753e-12 3.248235395767181168e-12
5.322053204244932304e-15 1.901452097701394001e-15 1.456371136970171068e-15 1.213802493894371472e-15 1.530097454963958739e-15 3.089529163716529703e-15 2.164743479198909298e-15 6.487005048720866554e-15 8.955959888980874253e-14 8.279465426585460316e-13 6.932584735096946050e-12 4.689262913266337822e-12 3.248235395767181168e-12
5.322053204244932304e-15 1.321989166989348211e-15 1.261434518855034901e-15 1.215090502997246340e-15 1.412743424293741835e-15 3.083928503553990621e-15 2.514780803659795990e-15 9.640858759684589015e-16 9.458874812789947532e-15 2.607168690003244561e-13 3.689158381626879399e-12 5.124846333549022518e-12 3.248235395767181168e-12
5.322053204244932304e-15 1.303928897859164495e-15 1.217621702879930540e-15 1.361612560000614507e-15 1.363680715296195944e-15 2.062221240505721356e-15 1.575084035400028220e-15 1.228925750441729773e-15 1.234463799070344830e-15 1.874983481468680757e-14 8.893309884511637708e-13 3.857788534304530437e-12 3.248235395767181168e-12
5.322053204244932304e-15 1.323950684407818509e-15 1.167081401438422946e-15 1.361778883927034997e-15 1.355603029359849853e-15 1.125859048007156202e-15 1.575203455691129723e-15 1.191233857025231684e-15 1.069480619245485174e-15 1.284768636938037794e-15 2.378100260232423983e-13 2.526377093447932586e-12 3.248235395767181168e-12
5.322053204244932304e-15 1.172219665683433793e-15 1.167601181425488483e-15 1.186821262149660950e-15 1.163041686409626156e-15 1.131784997776456215e-15 1.074312683930816257e-12 1.912506013866841855e-15 1.066042896289088585e-15 1.311324582440997090e-15 4.010113222555008659e-14 1.776286042970990577e-12 3.248235395767181168e-12
5.322053204244932304e-15 1.167429852963555717e-15 1.169197057859126841e-15 1.165787484011270156e-15 1.456027013110050456e-15 8.759247155751599269e-15 1.596508986089520416e-15 1.151873541327930039e-13 1.850914669069747889e-15 1.325763629891124187e-15 2.865985211291498770e-13 1.270664464398462013e-12 3.248235395767181168e-12
5.322053204244932304e-15 1.627922458173094567e-15 1.198351324927550024e-15 1.169081843378365182e-15 1.873669357249662536e-15 2.417170585422149135e-15 1.472598432503765398e-12 1.620320272697033515e-12 2.335529346743314676e-13 1.569983454500393181e-15 7.822642815709586626e-14 1.025781414590775441e-12 3.248235395767181168e-12
5.322053204244932304e-15 1.681899887281657892e-15 1.667885189043989378e-15 1.618602412444073974e-15 1.221562490023212843e-15 1.365092829647718133e-15 9.519635596826038078e-15 2.092359020469474911e-14 9.704900126542492429e-16 9.650443959295637103e-16 1.031850964330889909e-13 8.050267717540090919e-13 3.248235395767181168e-12
5.322053204244932304e-15 2.196420143733672626e-15 1.620849664226960450e-15 1.224668590061150226e-15 9.461990667935573519e-16 9.554541030530838166e-16 1.611613757831598160e-15 9.643561891104588000e-16 9.552772309337108737e-16 9.653632996562360811e-16 5.564860646495653601e-14 6.465286639749972350e-13 3.248235395767181168e-12
5.322053204244932304e-15 4.547541750382291673e-15 1.667067487263119810e-15 9.471676212453017422e-16 9.507439783495848705e-16 3.721970554264461270e-14 1.558973893126990218e-12 9.413766417391629227e-16 1.022081841954176587e-15 1.042279333026195634e-15 8.578959957078400234e-14 9.389307213263621911e-13 3.248235395767181168e-12
5.322053204244932304e-15 3.918736333515054663e-15 3.183495066134367251e-15 9.434869650354222486e-16 9.439096265112477136e-16 9.750380532077426530e-16 9.721133687025862234e-16 9.494195797011684746e-16 9.486393622380826831e-16 1.026155174924454592e-14 1.834305371974928851e-13 1.125267963654830110e-12 3.248235395767181168e-12
5.322053204244932304e-15 9.476259644361148831e-15 4.109605625614576420e-15 1.193261845748673620e-15 9.423601648155776944e-16 9.427242124773793088e-16 5.554824761329453612e-15 1.688473460959429367e-15 2.295633729249343445e-13 4.315074143724982713e-13 8.098416446220664197e-13 1.696974788508348035e-12 3.248235395767181168e-12
5.322053204244932304e-15 2.307410964877895357e-14 1.508476921375280551e-14 2.818050575788990124e-14 1.201637975974514810e-14 9.648453229898370098e-16 1.029997240251091544e-15 6.104757575927277084e-13 8.525376633307910298e-13 1.076120695455484319e-12 2.278343043682842571e-12 2.198306995390614832e-12 3.248235395767181168e-12
5.322053204244932304e-15 2.267174573150986324e-14 6.683487640357789138e-14 6.441003502038186883e-13 2.405103932022679758e-13 4.636732172955855021e-15 1.557022071679108805e-15 8.934556510481374217e-13 1.032889969991885307e-12 1.296113469305814683e-12 2.390552106060474616e-12 2.432988625243209811e-12 3.248235395767181168e-12
5.322053204244932304e-15 2.461184105701727136e-14 5.783026264225345388e-13 1.633899714103145872e-12 5.325430795147508025e-12 5.209120285738277039e-12 5.084011314450068170e-11 1.574686018358834600e-12 1.368134650234965142e-12 1.496996805564528146e-12 1.924022117997469940e-12 3.356686407085765493e-12 3.248235395767181168e-12
5.322053204244932304e-15 4.688423118696740567e-14 2.136787661341166096e-12 7.699267916695379465e-12 1.044134052252595521e-11 7.868698250745203282e-12 5.581694403342508350e-12 4.071378984205068390e-12 2.240385559847481557e-12 3.200816899789988530e-12 3.370133138932987108e-12 4.632154821521409232e-12 3.248235395767181168e-12
