4.161916720197627515e-14 6.146139259194023271e-14 7.221139813259626258e-14 3.702321791320349656e-13 4.199941231163141268e-13 3.729136834025535469e-12 1.930773525764181534e-09 3.071915768693105364e-12 8.809054795403178870e-13 2.782811851572072396e-13 2.423911893860730425e-13 1.004992182072541847e-13 1.404419760745635145e-13
4.161916720197627515e-14 6.122143110512930094e-14 6.488697172511870801e-14 1.183909563783189523e-13 3.393434706347565006e-13 6.324816594106539034e-12 1.195751429872787989e-11 6.583384231146026450e-12 6.172103075466840949e-13 2.490877779799993196e-13 1.347215211856510081e-13 1.015784913746946246e-13 1.404419760745635145e-13
4.161916720197627515e-14 5.824230845547519861e-14 5.538521721222979347e-14 1.280330030031583027e-13 9.729834894587705102e-13 2.604609466544174002e-13 4.167814699100891506e-12 1.525506841823198303e-12 2.943809423023127522e-13 3.396354712379948605e-13 8.477165448830703984e-14 1.067472223525772112e-13 1.404419760745635145e-13
4.161916720197627515e-14 5.296953683028240929e-14 4.703414687235701132e-14 1.354961576599163595e-13 7.196711955778393208e-13 6.326950802429615325e-13 2.937538572365691077e-12 1.925724854960805011e-13 1.812327083425457641e-13 3.652409787933692312e-13 7.912022926345592502e-14 1.167254170899730414e-13 1.404419760745635145e-13
4.161916720197627515e-14 4.558056643029091976e-14 6.143348950428544858e-14 4.288209729534587259e-14 1.839641390980883018e-14 5.574494823531401778e-14 2.294414552949008962e-13 4.008953424411690161e-13 4.463984734366295757e-13 2.899787441865896776e-13 1.056156295648046489e-13 1.337565381794879767e-13 1.404419760745635145e-13
4.161916720197627515e-14 4.297405944538974393e-14 3.574254732855887878e-14 3.935695909332568515e-14 8.197613290033708362e-14 3.004008188674263562e-14 6.977236032391916571e-13 4.104557893222962233e-14 5.492054407176377868e-14 6.157585565279328809e-14 7.658851069025061168e-14 1.129028044145715140e-13 1.404419760745635145e-13
4.161916720197627515e-14 4.447979667771109376e-14 3.903355816713771632e-14 3.073994524315926857e-14 3.325378889335564521e-14 4.825841048382668399e-13 6.815427309394817329e-13 3.269435014830608689e-14 3.062055928976327079e-14 5.878914099949236922e-14 5.842045749948006016e-14 8.839352396777274663e-14 1.404419760745635145e-13
4.161916720197627515e-14 5.599356533056719422e-14 4.316609429417802361e-14 3.786529495976851223e-14 2.648607290870002778e-14 4.531285763683560251e-14 6.786618877843864891e-14 7.961405874419790045e-14 4.179596878242871897e-14 4.849229230305317976e-14 5.542842209268249500e-14 8.016521677369265360e-14 1.404419760745635145e-13
4.161916720197627515e-14 5.905879711621974547e-14 5.196001115860445280e-14 3.553038085440793421e-14 2.801730659263258731e-14 2.851565691757657567e-14 3.142754133712438353e-14 3.452008237564042194e-14 3.420042962982416796e-14 4.307582709463652978e-14 3.764758387428746254e-14 6.273376751974517094e-14 1.404419760745635145e-13
4.161916720197627515e-14 5.121230481893530467e-14 3.434276548138451020e-14 3.601048001921726199e-14 2.118266958904469102e-14 2.226302941933063111e-14 3.751529911499619985e-14 1.992790304679037663e-13 4.069718873149880336e-14 4.890690174036596448e-14 3.634388054025042066e-14 5.794767297501488603e-14 1.404419760745635145e-13
4.161916720197627515e-14 4.907581869451818291e-14 2.716973782266420652e-14 2.857739385717498379e-14 2.540006274125017326e-14 1.939394053899138182e-14 8.165721664684506465e-14 1.997149044839316030e-14 3.886046173354365318e-14 3.078300491802133901e-14 3.285852152922533015e-14 6.260226464489119211e-14 1.404419760745635145e-13
4.161916720197627515e-14 4.603338837821991905e-14 3.448628730793576029e-14 2.361406112239143259e-14 1.634103641666375501e-14 1.230425700018877504e-14 1.302790726119861776e-14 1.981542922326565415e-14 2.809039577732573454e-14 2.690943062801688790e-14 3.582544888754849265e-14 4.802735661850951764e-14 1.404419760745635145e-13
4.161916720197627515e-14 4.298859317030430555e-14 3.639136639240200433e-14 1.771918824026945301e-14 1.248238211600582952e-14 1.288901004294613118e-14 1.225744357502508103e-14 4.398856889404623265e-14 2.827859331985118736e-14 2.256563839322689537e-14 2.893623723418343501e-14 4.052715650197601715e-14 1.404419760745635145e-13
4.161916720197627515e-14 4.604151935809921408e-14 2.885691240289820251e-14 1.485806654157121873e-14 1.288984850566924008e-14 1.237104982443323949e-14 6.087518895243482870e-15 9.712042934598059003e-15 1.969772157970223719e-14 2.043168274165854635e-14 2.792640295276636146e-14 4.091190714505418758e-14 1.404419760745635145e-13
4.161916720197627515e-14 3.768160330238041794e-14 3.365769647291915618e-14 2.252845300473802218e-14 9.272970768356324236e-15 8.081704096832368092e-15 1.320888228054114336e-14 1.281526886843283067e-14 1.642097248703123343e-14 2.536460087670191796e-14 3.698886084517108297e-14 4.044895779749299260e-14 1.404419760745635145e-13
4.161916720197627515e-14 3.710458300711370407e-14 2.199905767304649738e-14 2.768144566659161462e-14 8.344120028365822948e-15 8.471076619221429985e-15 8.439150880103887968e-15 1.291632875867723963e-14 1.369541429754568948e-14 2.438339802557506592e-14 2.514262995885238773e-14 4.510271497595872739e-14 1.404419760745635145e-13
4.161916720197627515e-14 3.684495232164137546e-14 2.496944491013863168e-14 2.010484991945858751e-14 8.050780803690961149e-15 8.278215898301359807e-15 9.056784014718014258e-15 9.779072826692473511e-15 1.281261031112079907e-14 2.726017352568588136e-14 2.441773821596280412e-14 6.145701175915337475e-14 1.404419760745635145e-13
4.161916720197627515e-14 3.231653913849296929e-14 1.825566400463403144e-14 1.027588378227958966e-14 8.461377304897697301e-15 4.008204633924269752e-10 4.869049399239301247e-14 4.191707153638865913e-11 1.378718126213998074e-14 4.196363180757418916e-14 4.149338115419492915e-14 9.644830304550095864e-14 1.404419760745635145e-13
4.161916720197627515e-14 4.367603609626911108e-14 2.263228603607167062e-14 1.172026040945841700e-14 3.380464552568508608e-12 4.028484330414251699e-11 6.317790003054254989e-14 3.524951614495724550e-13 2.074429420593114708e-14 6.055925492463682145e-14 5.952354479101093708e-14 1.596355625236751950e-13 1.404419760745635145e-13
4.161916720197627515e-14 4.907990339463339427e-14 3.039531674855339401e-14 1.312273839451245420e-14 1.749070589779935154e-14 1.709857268834766409e-13 4.541013285490788121e-11 2.540655967889933905e-13 6.394611191925097432e-14 9.177785579018604251e-14 1.464954260625398928e-13 2.535070148415566543e-13 1.404419760745635145e-13
4.161916720197627515e-14 3.392302069808068666e-14 2.658807924940896378e-14 3.201374976743596781e-14 2.337085670197823230e-14 2.444214099131778488e-14 7.751539916074827763e-11 1.687855616876270577e-14 3.498797398126510542e-14 1.508583750107556415e-13 3.195540168377151701e-13 2.665343166726096989e-13 1.404419760745635145e-13
4.161916720197627515e-14 3.271071404951546531e-14 4.258387803116607289e-14 5.117763581955938869e-14 1.311067614540127306e-13 1.180884244181292233e-12 2.725817245033309150e-10 1.625721538015176222e-14 2.087039091388765577e-13 1.824234565644690577e-13 3.029775164542964432e-13 2.249673264593613680e-13 1.404419760745635145e-13
4.161916720197627515e-14 4.092471364771699165e-14 5.409014048335354838e-14 8.189307392148484508e-14 1.052781724472576731e-13 5.223705068665950790e-14 3.325881059311990352e-13 8.008113293952664477e-14 2.356488626319956502e-13 3.004044886805705352e-13 2.027237904736040220e-13 1.753040678068395136e-13 1.404419760745635145e-13
4.161916720197627515e-14 5.414329888469114384e-14 7.195046899475415980e-14 1.889273528398069873e-13 1.450040743700192331e-13 3.481411604652701741e-13 3.872054506195831993e-06 8.697745627825622992e-13 2.509750003115250321e-13 1.859725064107963047e-13 2.824745982395945503e-13 1.242444396686815672e-13 1.404419760745635145e-13
