2.001458594887834473e-14 1.488321778570563538e-14 3.254401550771579079e-14 4.125953618079610072e-13 3.757148472201402447e-13 1.262569912422540565e-12 5.584834098264645655e-08 4.378011949538615635e-13 1.979526310929619356e-13 1.934246321979353964e-13 8.678133093578647364e-14 2.010384402816008742e-14 1.388329609629321963e-14
2.001458594887834473e-14 1.185418567639667295e-14 1.751388981853201774e-14 3.096011044975904032e-13 8.411146196974539844e-13 1.252060971947223686e-12 1.410219321767666602e-10 4.026397877924272463e-13 3.181446196748642977e-13 1.548678211835489573e-13 2.866437326175436295e-14 1.957945396149437467e-14 1.388329609629321963e-14
2.001458594887834473e-14 1.359278421520904025e-14 1.722431987961396917e-14 1.547498878605155251e-13 7.529436061098978815e-13 2.048303303256309020e-13 6.907195832530978196e-14 8.782072390826917823e-14 4.421172238239132034e-13 1.032314956058208228e-13 1.748222577786052566e-14 1.797370855611618158e-14 1.388329609629321963e-14
2.001458594887834473e-14 1.408087203969272369e-14 2.243907995697453716e-14 6.860852878349460375e-14 2.333025723779652386e-13 2.290672270602176813e-13 1.214698411619316501e-07 1.734870735481377826e-13 9.307193614406637895e-14 3.484659459573152300e-14 1.708099392372091725e-14 2.088738562764372492e-14 1.388329609629321963e-14
2.001458594887834473e-14 1.412852532941042044e-14 2.664780704163888926e-14 4.282607202330721668e-14 8.104041848876334993e-14 1.311740207639967099e-13 1.808870465779641943e-15 5.194991632921252409e-14 3.969826460619970269e-14 1.694798879225988507e-14 1.805625731973075799e-14 1.974553370772995387e-14 1.388329609629321963e-14
2.001458594887834473e-14 1.277515694176149609e-14 2.413325630730928330e-14 3.238663977946778756e-14 3.065171110178230683e-14 1.942312780400895575e-14 1.530161183773050659e-18 9.826985353230022937e-16 1.325737793231520465e-14 1.578910987158723461e-14 1.943613989478304308e-14 1.772630476394752945e-14 1.388329609629321963e-14
2.001458594887834473e-14 1.311077820039346878e-14 2.050697311466808109e-14 2.315498826334714541e-14 2.164594933521468608e-14 8.518368883820208635e-15 2.787655239118087219e-18 1.024226655675348446e-15 4.767838157047539875e-15 1.539331178792837527e-14 1.889261042145768781e-14 1.767943930672113921e-14 1.388329609629321963e-14
2.001458594887834473e-14 1.396385929381633926e-14 1.639694894015864479e-14 1.622804819926113258e-14 1.344952711659684812e-14 8.250860062132350307e-15 2.840025463150919850e-18 5.869879030012943647e-15 1.183636768429446481e-14 1.548971936214520201e-14 1.480536534860754243e-14 1.554393788926051103e-14 1.388329609629321963e-14
2.001458594887834473e-14 1.240652201501113706e-14 1.420311621753973476e-14 1.375965005955236664e-14 7.002000398404001576e-15 7.786560201321070274e-16 1.017115417668456462e-17 2.956927974323998741e-15 8.390569797041920918e-15 8.969561434569316152e-15 1.097301058602280026e-14 1.239629540974869488e-14 1.388329609629321963e-14
2.001458594887834473e-14 1.133582159977801314e-14 1.018039872942771430e-14 1.080870905756590247e-14 2.115205601631418304e-15 3.228227131950161309e-16 7.319372414769001139e-19 1.858377840076978655e-15 2.955302081722537878e-15 5.206905796984160309e-15 7.637283928286243276e-15 1.094485091833955131e-14 1.388329609629321963e-14
2.001458594887834473e-14 1.108714922747791589e-14 7.332357257193772867e-15 5.163931857347854308e-15 2.142247868822365998e-15 8.585079461086232044e-17 4.769811457690770586e-19 1.066588745519359466e-15 2.669333574600492120e-15 2.981397717687197784e-15 5.697084435633003155e-15 8.730242868452799135e-15 1.388329609629321963e-14
2.001458594887834473e-14 1.017717898162917647e-14 6.988516816432181699e-15 2.530140482818320405e-15 1.717272830433414657e-15 3.207156957110511159e-16 8.210038706283872198e-19 1.850178244987155955e-16 2.894373060395834009e-16 1.791361162713663934e-15 4.050356605466684224e-15 7.196116833741021826e-15 1.388329609629321963e-14
2.001458594887834473e-14 1.052879855821135935e-14 3.312279350522321345e-15 3.483793621473710395e-15 1.565302772249056353e-15 2.383543771810170114e-15 8.842854316555395454e-19 4.491835021881230468e-16 5.527892010844505390e-16 2.629971993302179296e-15 3.315830830451894958e-15 6.793768118659276751e-15 1.388329609629321963e-14
2.001458594887834473e-14 9.639002552141994187e-15 3.944291904284751350e-15 2.408859959570168494e-15 1.906329917838254456e-15 7.193023796817666070e-15 9.227396648243986695e-19 6.235725726421982169e-16 5.025038093449510901e-16 2.215397076425577167e-15 2.005653095622701551e-15 6.399943224078712059e-15 1.388329609629321963e-14
2.001458594887834473e-14 1.312888072875718546e-14 3.751732355091443470e-15 6.083334100901059250e-15 4.387540192641884387e-15 3.588900913761313482e-15 2.008446374985071893e-17 2.168390485251318098e-15 2.463813703148274669e-15 3.001456302542695854e-15 2.105142062034853048e-15 5.192400701472786346e-15 1.388329609629321963e-14
2.001458594887834473e-14 1.900755463515462477e-14 5.278784550438924702e-15 1.522071941295534930e-14 8.431550626061642101e-15 2.951025969243555448e-15 3.014202746629928476e-15 1.725168108062027041e-15 3.952112974440853514e-15 2.624730060272479206e-15 2.609035373593792657e-15 5.133496402601274506e-15 1.388329609629321963e-14
2.001458594887834473e-14 2.012182075512018603e-14 8.057967329108608428e-15 1.332898367646204722e-14 9.910675734126866195e-15 1.070158828392691402e-14 1.871807310837764842e-19 2.091848570797667080e-15 3.173777230124052497e-15 3.085112713431885389e-15 2.454559467873422583e-15 6.876145624005993765e-15 1.388329609629321963e-14
2.001458594887834473e-14 2.810539411469085150e-14 2.590558894002907027e-14 1.722070909942054054e-14 1.243385422842557475e-14 1.220718449428440580e-14 9.207556694655883019e-20 1.161072914895578698e-15 2.982081169851942167e-15 4.203698880992450381e-15 4.227930761541434913e-15 8.712917941049860232e-15 1.388329609629321963e-14
2.001458594887834473e-14 3.511420042390638166e-14 5.692834158230034575e-14 3.754322004660723180e-14 1.277431799508554254e-14 1.507872462494713899e-14 1.292393880801451597e-13 1.137170683611852994e-14 5.880442067027793168e-15 7.421655406341384628e-15 1.095051263914551459e-14 1.205584717724399232e-14 1.388329609629321963e-14
2.001458594887834473e-14 3.452494729376737087e-14 1.067607015492720699e-13 1.680217810140053493e-13 1.300418109563961641e-13 8.942504173968011710e-14 1.099797312176891391e-13 6.525717346566690206e-12 6.980277085406102548e-14 1.514083006273255218e-14 1.999539736868924168e-14 1.202417858275857474e-14 1.388329609629321963e-14
2.001458594887834473e-14 3.538704017922759237e-14 1.334758010171017927e-13 2.572536846856753821e-13 3.364528650790324053e-13 3.378117403792897417e-13 4.219267782814340292e-13 9.219272453699485273e-13 1.802221709383958275e-13 3.673695698383313690e-14 2.825598367321053748e-14 1.310008086381580412e-14 1.388329609629321963e-14
2.001458594887834473e-14 2.875527431500211884e-14 1.092038171928844732e-13 4.033205811181885112e-13 8.035062425264456146e-13 9.545891611126228245e-13 4.695203123113372692e-13 2.403985335600207535e-12 1.606617498613223620e-13 1.909497751813287093e-13 3.235212083672069798e-14 1.812072374638529739e-14 1.388329609629321963e-14
2.001458594887834473e-14 2.548306225906376722e-14 9.168220546039700302e-14 4.186089365703389727e-13 3.452757309702520289e-13 4.495108208388414145e-13 1.151691734169929087e-12 2.123444070694197772e-12 1.715595242533754210e-13 1.926266244544625000e-13 8.582232327321094198e-14 1.810116457233625894e-14 1.388329609629321963e-14
2.001458594887834473e-14 1.819088417781717880e-14 5.146276450717345305e-14 2.840397483089163041e-13 2.257170344545175842e-13 2.710509158398950655e-13 9.906303164922888870e-11 9.764834339330861882e-13 2.456073079840543120e-13 1.744735321573302755e-13 1.130602213132191705e-13 1.871739904465992381e-14 1.388329609629321963e-14
