1.644086895103849945e-19 2.002343951076259156e-19 3.025036296027764503e-19 9.103951734922432488e-19 5.609272683654161361e-18 1.159118400913814827e-16 3.292249671605699821e-08 1.149118040373580644e-17 4.100757562927002730e-18 1.253407395502693366e-18 1.157816785322635841e-18 2.272133282430986508e-19 1.714556039737651410e-19
1.644086895103849945e-19 1.971548671732343640e-19 2.226625595646192561e-19 1.060703163062962076e-18 1.566709553999095412e-18 2.951171039709353666e-16 4.979854581451532460e-08 2.928038406793915665e-18 1.510939914950246781e-18 1.141003629225502718e-18 1.031233078671681576e-18 2.386605155798064854e-19 1.714556039737651410e-19
1.644086895103849945e-19 1.882740867946031432e-19 2.047795740483299089e-19 3.469950554935693851e-19 9.263439540214263804e-19 1.169018393772384088e-18 2.070394677652628342e-10 7.047024424702430340e-19 5.088071228570251931e-19 5.383840293178547971e-19 2.783677704553505183e-19 2.189078284891351440e-19 1.714556039737651410e-19
1.644086895103849945e-19 1.470063645899221397e-19 2.032378005218701103e-19 2.812968086684719741e-19 2.450243493407683660e-19 2.324639070667093838e-19 8.647308630604779757e-09 1.939480898330314520e-19 4.420584486267311237e-19 2.887194304678709631e-19 3.134433582689104083e-19 1.676103325706446180e-19 1.714556039737651410e-19
1.644086895103849945e-19 1.835947282680465902e-19 1.411815035732817506e-19 1.492654903437061325e-19 1.463561213213346001e-19 9.202050077282931158e-20 1.482172980748105868e-10 1.101991203176900659e-19 2.207064683105574629e-19 2.037480857835038521e-19 1.812963175350090597e-19 1.544475041180727272e-19 1.714556039737651410e-19
1.644086895103849945e-19 1.677811296156430712e-19 1.550611375877113842e-19 1.134502978574746768e-19 1.190818479471615638e-19 8.725724835758353761e-20 6.164521746173227891e-20 9.012205490460100685e-20 1.264865378370520798e-19 1.578143796198512991e-19 1.183926817700489560e-19 1.457932439916658787e-19 1.714556039737651410e-19
1.644086895103849945e-19 1.416463093431734918e-19 1.521516364034005509e-19 1.197662556222821992e-19 9.608354928697170047e-20 8.888649007560693081e-20 6.181835912067619422e-20 8.457462656661845673e-20 9.330893774036302454e-20 1.404797338486241761e-19 1.120748312908265026e-19 1.484427029752167372e-19 1.714556039737651410e-19
1.644086895103849945e-19 1.173496037341242075e-19 1.057797573386873344e-19 9.436943598066430717e-20 7.860764893632440883e-20 5.983974704255982565e-20 2.222949301694119087e-09 7.733253337144971211e-20 1.022801715775591063e-19 1.042520605969122211e-19 9.834953054513726848e-20 1.396215483038494375e-19 1.714556039737651410e-19
1.644086895103849945e-19 1.170167667969433057e-19 1.043584647487667701e-19 9.012311575848152666e-20 7.640202146838260101e-20 7.129297816370102092e-20 6.505199912705641542e-20 7.344281434255102133e-20 7.842264820114763429e-20 9.160197734137205107e-20 1.017932036817754585e-19 1.072330342535494382e-19 1.714556039737651410e-19
1.644086895103849945e-19 1.147251307734973847e-19 8.652997860137675351e-20 8.971090284640466392e-20 8.572277324303387893e-20 7.081299160179715511e-20 2.250116463492016802e-19 8.136811144755060457e-20 7.040197185986808140e-20 7.775331571090467465e-20 8.465688823070121441e-20 9.144731760024238497e-20 1.714556039737651410e-19
1.644086895103849945e-19 1.175430542188119586e-19 8.917098022597382492e-20 7.412741253097914876e-20 8.141541379308894665e-20 6.478776121985167326e-20 1.861168286814604886e-19 6.363005522819738660e-20 7.135235448282391946e-20 7.633311418431933270e-20 8.384299397658412934e-20 8.776252059656654202e-20 1.714556039737651410e-19
1.644086895103849945e-19 1.135647132242880620e-19 1.035023358013493402e-19 8.089061202221657591e-20 1.035692987479023879e-19 1.410947087806104020e-19 1.796089933939692943e-19 7.215981573325936402e-20 7.752214384862055120e-20 7.588449720328261792e-20 8.613742874425143967e-20 9.990493185240233615e-20 1.714556039737651410e-19
1.644086895103849945e-19 1.107569609151954698e-19 1.060452166941246661e-19 7.423778807467508820e-20 6.784084386647473582e-20 1.626015096743928013e-19 5.848229418886657063e-20 7.589612189535501412e-20 6.343894760154556259e-20 7.569868073126969007e-20 8.530129669427914377e-20 1.144339071987545266e-19 1.714556039737651410e-19
1.644086895103849945e-19 9.381671427110457437e-20 9.514797096711510602e-20 7.679087099216405118e-20 6.631372514049461059e-20 1.572895107148741194e-19 6.357889761431424718e-20 6.868871057347521843e-20 6.778319815464416535e-20 7.532341325737186067e-20 8.740879438784728413e-20 1.145060532311855057e-19 1.714556039737651410e-19
1.644086895103849945e-19 9.634699721438136020e-20 9.302151557115836392e-20 8.555094675283781993e-20 6.680862063342142385e-20 1.237996561034485682e-19 1.729803414733508981e-19 6.416103494204760053e-20 6.557624108479910212e-20 1.015163138642309154e-19 8.515793919244987751e-20 1.148460024105651655e-19 1.714556039737651410e-19
1.644086895103849945e-19 1.008697114531697253e-19 9.512262084715004594e-20 8.838405666099471447e-20 7.032389863458015396e-20 8.316522848775739491e-20 6.219642866353305469e-20 7.341101316204386631e-20 7.342620842419153196e-20 9.522732815784683394e-20 1.137299532945872408e-19 1.103565038581918495e-19 1.714556039737651410e-19
1.644086895103849945e-19 1.020455369455384652e-19 1.003732150329452054e-19 8.387490150329814749e-20 7.745086452414508699e-20 9.697689322826167621e-20 8.574903622191725836e-20 7.808026921211363543e-20 7.696042940831760722e-20 9.967645475193425527e-20 1.029513562908146531e-19 1.132294532977870879e-19 1.714556039737651410e-19
1.644086895103849945e-19 1.123653346658264997e-19 1.060952124230669636e-19 1.076005356509021100e-19 8.499322315599641434e-20 6.609217715344856928e-20 2.069774625399080082e-07 7.048616049390318612e-20 8.581916910371137043e-20 1.013628422063067670e-19 1.218156529531986696e-19 1.293388318481743035e-19 1.714556039737651410e-19
1.644086895103849945e-19 1.140504638491635354e-19 1.286540280838938449e-19 1.140357638023228655e-19 1.140896204062485624e-19 8.220184112424008804e-20 5.916747527913719384e-20 7.432750950489028633e-20 9.427285584463486045e-20 1.377374293942880803e-19 1.248352134412057154e-19 1.391015457130898216e-19 1.714556039737651410e-19
1.644086895103849945e-19 1.290000371308376598e-19 1.423674513070052453e-19 1.301525144365779277e-19 1.407651208601674916e-19 1.158384014315841430e-19 2.414173891742418559e-08 8.294261967582740633e-20 1.325720821353734101e-19 1.520296234533004396e-19 1.486031280690084518e-19 1.720175093531224690e-19 1.714556039737651410e-19
1.644086895103849945e-19 1.477765819140777450e-19 1.515890453287307962e-19 1.351045768142598540e-19 1.793360590313341818e-19 1.479980206741266689e-19 3.343102850942295868e-09 1.571269655982675678e-19 3.367356482352006773e-19 3.060577357589329144e-19 1.495050094423785236e-19 1.895701072130649053e-19 1.714556039737651410e-19
1.644086895103849945e-19 1.555441107545701959e-19 1.996508654410400818e-19 3.574878329431659356e-19 3.411436462376479463e-19 2.854877685041153523e-19 7.429746624342109082e-12 3.513499555571162966e-19 5.685962921497338228e-19 5.113886576314145937e-19 3.516616078926569449e-19 1.886119616860828014e-19 1.714556039737651410e-19
1.644086895103849945e-19 1.888488032900002175e-19 2.527949131539997065e-19 4.083864695973413242e-19 1.490662232285770178e-18 2.308631377452145698e-18 1.108726316821702807e-19 7.865890037833754821e-17 8.704937129152442447e-18 8.438706453450600578e-19 7.764292613435744893e-19 1.903477527543565794e-19 1.714556039737651410e-19
1.644086895103849945e-19 1.977857731256709435e-19 2.498651673833445436e-19 5.830784371466506282e-19 5.090979768206554912e-18 2.783035755529472230e-17 9.165559363058723840e-10 6.413285962415561232e-17 7.043121679042800202e-18 1.229348944503996081e-18 8.698159034371342223e-19 1.975040195585007552e-19 1.714556039737651410e-19
