8.394801490009250404e-14 9.369630212173747580e-13 8.685844754389685336e-13 1.279574546222965662e-12 8.570530670899877770e-13 5.014667236934618677e-11 3.143744505835339520e-08 1.566198052094160894e-11 9.088835732856482930e-13 1.364774410667733927e-12 1.254234180517469356e-12 1.371219375876722168e-13 2.222289800702444135e-14
8.394801490009250404e-14 7.718852996666743534e-13 8.841516935644946424e-13 1.226878649030285371e-12 4.263414641476404785e-12 6.390705784916659785e-11 4.500080878945764256e-11 3.067472025616971251e-11 3.579676471538838356e-12 1.097025351596695633e-12 8.164025548868354273e-13 1.238802917804105036e-13 2.222289800702444135e-14
8.394801490009250404e-14 6.870607433969887868e-13 9.171664027192689822e-13 1.880823274862742473e-12 7.687076752083905999e-12 1.175333761612963330e-10 4.105934191508353464e-09 1.500588387222866514e-11 2.292809543613637722e-12 7.607559296649027875e-13 2.055980674490394720e-13 1.363255317636804033e-13 2.222289800702444135e-14
8.394801490009250404e-14 6.589866980078996944e-13 9.902697514414196083e-13 1.977596231095316438e-12 5.872565065639379297e-12 3.973581341651151865e-12 7.443028374224793203e-09 1.926240084435233256e-13 6.749539888205084706e-13 8.666923777126100499e-13 1.338773798788818541e-13 8.547902325900926145e-14 2.222289800702444135e-14
8.394801490009250404e-14 5.715167782283687285e-13 5.341472682252557232e-13 8.864410910695104537e-13 6.626739689301703898e-13 1.867600242885739268e-13 9.710146154722497486e-19 4.273346823216334195e-13 1.597116010156655571e-12 4.489119261538782341e-13 1.424934339352177902e-13 5.583717969683853413e-14 2.222289800702444135e-14
8.394801490009250404e-14 4.666924078129970254e-13 5.723956037379022121e-13 6.761788825569337689e-13 2.534224540528058386e-13 1.027727083780742669e-15 1.023609064285806033e-05 2.461076332213410305e-13 4.698711173918336899e-13 2.013438085866490712e-13 8.659270135257430052e-14 3.681756634015540628e-14 2.222289800702444135e-14
8.394801490009250404e-14 2.569766805605261118e-13 1.690504797336977604e-13 1.032951758860350351e-14 4.728141771315735806e-17 2.394390722022968820e-16 1.236175552216323638e-18 2.176400050923129681e-16 7.585899611755014096e-14 6.548474222218958479e-14 4.390467657915047407e-14 3.092981565955858395e-14 2.222289800702444135e-14
8.394801490009250404e-14 1.048338446823032990e-13 1.655244565232164228e-14 1.013501961781098280e-15 1.413185523712674700e-17 1.113389991858717657e-18 1.309916613667891021e-18 7.920445667358031829e-19 4.308220286388360848e-15 1.737666980971366483e-14 2.972895696069339765e-14 1.952730773507172264e-14 2.222289800702444135e-14
8.394801490009250404e-14 3.484899202659670055e-14 3.042472151835765235e-15 8.514860644475689428e-17 2.597087985950577865e-18 3.584255033504260665e-18 1.428768777788646225e-18 1.454718596587834251e-18 1.394354918350345458e-17 6.761796877171705788e-15 1.499718710659196861e-14 1.280514365391041011e-14 2.222289800702444135e-14
8.394801490009250404e-14 2.674872742302747614e-15 8.279972269412603232e-16 2.778024372615531863e-16 4.231466403758614769e-17 1.019400603311134564e-17 1.323950828332804950e-18 1.601053389084891843e-18 1.039311908401806613e-18 3.006685309389130579e-15 6.626893512413632005e-15 8.261606140450634090e-15 2.222289800702444135e-14
8.394801490009250404e-14 2.054067679755285378e-15 1.199195072262935653e-16 1.586880620649313776e-16 2.254466287524266268e-17 4.854668218567278479e-18 1.392818726328852375e-18 2.511565172981802104e-18 6.343909135577881884e-19 1.723834542154841621e-15 4.314365842325805601e-15 1.077350092596885162e-14 2.222289800702444135e-14
8.394801490009250404e-14 9.436934411700900948e-16 1.256130288031552532e-16 3.123861894076799480e-17 1.665140472495309102e-17 1.215860644518296749e-18 1.577201248106208375e-18 4.463695020268638997e-18 8.336061751697517997e-19 1.388026379114060882e-18 2.619980187942668106e-15 9.892406218082985997e-15 2.222289800702444135e-14
8.394801490009250404e-14 8.885403516815847895e-16 5.316775174849245197e-16 7.757459287894118870e-17 9.931047718064912170e-18 2.332348265893762908e-18 1.024261817854117478e-18 1.093307396467973095e-17 8.311118052487729014e-19 1.610108484115003676e-18 8.551878503186393702e-15 3.568054636289042916e-15 2.222289800702444135e-14
8.394801490009250404e-14 1.804421630613811433e-15 1.217785962153921939e-15 1.881176246738742735e-15 3.105183098119278920e-16 4.255351104276418215e-18 8.976584420399636681e-19 4.637832357123463822e-18 1.046449250315181619e-18 1.440481951501746061e-18 2.441483026660947401e-18 1.705008948259551432e-15 2.222289800702444135e-14
8.394801490009250404e-14 2.497481665495016730e-15 2.037807704087184093e-15 2.981242176628427725e-15 1.026717219877530483e-15 1.730764159301730030e-17 6.981932931612630336e-19 4.277365935105782529e-18 1.015201311169423952e-18 8.954878300553329741e-19 1.180985930088528674e-18 5.285707886290603107e-16 2.222289800702444135e-14
8.394801490009250404e-14 2.559932707437291151e-15 2.297367433814396258e-15 2.252762476768426858e-15 3.734148469491989772e-16 7.057895836915632821e-17 6.340947550531298236e-19 5.762834508923760169e-18 1.088213135231425466e-18 8.572901288059935408e-19 9.997470905259700069e-19 1.103639297993768447e-17 2.222289800702444135e-14
8.394801490009250404e-14 2.198632459640926632e-15 2.303278609964758902e-15 3.277040198465068432e-15 2.480201091223035503e-15 4.201911884408149545e-16 5.548145032261278261e-19 1.091942841845959417e-17 1.056356126890683753e-18 1.010994952041131537e-18 1.089614310521360634e-18 6.967408934326601479e-18 2.222289800702444135e-14
8.394801490009250404e-14 1.748809731492847833e-15 1.811349377631347562e-15 3.360368440669131243e-15 8.570666758885514554e-15 6.479634522077056873e-16 1.077716029475039443e-18 3.499130052628598935e-16 1.720695606635081206e-15 1.298444112484849435e-16 9.969728423187776023e-19 2.871762292211173528e-18 2.222289800702444135e-14
8.394801490009250404e-14 1.973208447293275700e-15 1.666447612984540976e-15 1.808574582330131903e-15 1.151676210930584601e-15 2.156082582661737834e-15 4.771639652372638067e-17 8.893447938447227651e-16 2.643491996601664551e-16 7.742409891157914038e-16 2.111371900172441175e-18 1.119808520652776105e-15 2.222289800702444135e-14
8.394801490009250404e-14 2.168607311788046368e-15 1.281976333266608566e-15 3.077229101805924159e-15 3.814984567446270412e-14 1.167294101196907031e-15 1.183958410045211697e-18 6.926363613445720909e-15 1.791090210702905874e-15 1.081230021635202570e-15 2.072402242335374967e-18 1.546167225595452469e-15 2.222289800702444135e-14
8.394801490009250404e-14 1.064532005429386219e-14 6.276714553583101049e-15 3.414427951652232210e-15 2.342972528654462343e-13 5.459980770220896124e-12 7.707634923403134878e-17 1.332802459466365836e-13 1.910686628021870644e-15 1.230248945871968600e-15 3.633024151472370579e-16 5.380274371456534001e-15 2.222289800702444135e-14
8.394801490009250404e-14 2.049030509682772172e-13 4.519516086208630003e-14 3.052808397019558044e-14 4.974778496730110484e-12 3.771998786990123961e-11 2.868181334795095695e-11 4.445287185219831735e-11 7.942812939246320837e-14 3.909527375364536495e-15 1.151965555856687474e-14 3.293568648083896618e-14 2.222289800702444135e-14
8.394801490009250404e-14 6.936695723662346838e-13 1.256010599248163263e-12 1.579673828061100663e-12 1.024790968993450475e-12 2.770303283627791352e-11 4.836581082627797000e-09 2.677795951865834315e-11 9.147457129950973473e-13 1.151926351772393833e-12 8.019311454989031636e-14 5.350031983328277841e-14 2.222289800702444135e-14
8.394801490009250404e-14 9.628722238183221975e-13 1.113928203826020174e-12 3.023208883611523060e-12 1.518729781922773303e-12 7.851303376773541076e-13 4.608874795056318578e-09 1.158546416245848726e-13 9.339169467875134096e-13 9.464909813427186465e-13 9.491979630390075980e-13 1.050121529903088463e-13 2.222289800702444135e-14
