3.934319462354507325e-14 6.532892943856012180e-14 4.841887578563595123e-14 2.583388652479224760e-14 1.434338950419650146e-13 3.193187631968702715e-13 1.205820604638487316e-08 2.339385530207882519e-13 1.198441662118652361e-13 3.746011130900179372e-14 1.174936758328249351e-14 8.118542795939661794e-15 1.027613116098122837e-14
3.934319462354507325e-14 6.361538731618018579e-14 5.075768250250378180e-14 1.790496756798610908e-14 1.112860657584610143e-13 1.958281908033084142e-13 2.242611251610243931e-11 1.088329700083161941e-13 5.799855705800314380e-14 3.071442736641010119e-14 1.443639395897921907e-14 8.987902365273797387e-15 1.027613116098122837e-14
3.934319462354507325e-14 6.893136546755481969e-14 4.597279806228412136e-14 1.506853010436918690e-14 1.026700124789009247e-13 1.264814970964114588e-13 2.899954085206453449e-12 6.980418570253833073e-14 4.620742753943604529e-14 2.525105457693869819e-14 1.578746221067111785e-14 8.482447310548903718e-15 1.027613116098122837e-14
3.934319462354507325e-14 6.842903979879957553e-14 9.552827802506222951e-14 1.096478943602365720e-14 3.311313104214539394e-14 8.257964354228946161e-14 1.650867244395966501e-12 5.427283350799490624e-14 3.734176427139313584e-14 2.246429007899663876e-14 1.323060948081720303e-14 9.393717698833768100e-15 1.027613116098122837e-14
3.934319462354507325e-14 5.626996979778543588e-14 9.727183369095891535e-14 2.219697723954476507e-14 2.057657306060602586e-14 2.597704117822234884e-14 1.442952025475506114e-16 4.141323000717669309e-14 2.331506594360248199e-14 1.756468391134587299e-14 1.408890960313061706e-14 1.021864029766956276e-14 1.027613116098122837e-14
3.934319462354507325e-14 5.075568973626233231e-14 8.726289764246199158e-14 5.100961772911018342e-14 2.316754455020716053e-14 6.619156816460817990e-15 1.220284616282749539e-18 1.272589314763760694e-14 1.684180217128410113e-14 1.569038976864240015e-14 1.524650663115131166e-14 1.152059088980898556e-14 1.027613116098122837e-14
3.934319462354507325e-14 3.967675187870299171e-14 4.523988818332076630e-14 5.533031660136050972e-14 3.877544441091867391e-14 1.469139028937918760e-14 2.457718445283870295e-13 8.610522889717611079e-15 1.573311600092340614e-14 1.762116166323448813e-14 1.654330183663728485e-14 1.260203173159064323e-14 1.027613116098122837e-14
3.934319462354507325e-14 3.135321588910044006e-14 2.786461832874025921e-14 3.586631752019490845e-14 2.454844607384862899e-14 7.460064502626108443e-15 2.354133445160911384e-13 3.322553577682692759e-15 1.142363138537026326e-14 1.470444869412879580e-14 1.579011289604814448e-14 1.263021049988247283e-14 1.027613116098122837e-14
3.934319462354507325e-14 2.234475036495376486e-14 1.373415621138785857e-14 1.165468767800605751e-14 9.361507029346634517e-15 5.586433820892413535e-15 1.480794538382077454e-18 3.910684143949731810e-15 8.827242976604160183e-15 9.881635303190426675e-15 1.423259436147701228e-14 1.289793496342020587e-14 1.027613116098122837e-14
3.934319462354507325e-14 1.674290232069225181e-14 7.982407068482018635e-15 2.743884566316662784e-15 3.089642912605104393e-15 7.446747435404369934e-16 4.171900421317313827e-15 2.633306845522896415e-15 5.915839241626147261e-15 5.444194973532537783e-15 1.295567987220291533e-14 1.213569993780369643e-14 1.027613116098122837e-14
3.934319462354507325e-14 7.525912342743324959e-15 1.831115844397002634e-15 4.121964077371583389e-16 1.313493029863913031e-15 1.002429320815122898e-16 1.218751953921682223e-17 1.531734181864849805e-15 3.898258114198491196e-15 5.872829839380668901e-15 1.286884794143728290e-14 1.240371707865227301e-14 1.027613116098122837e-14
3.934319462354507325e-14 6.650737776473356379e-15 2.048309610461738845e-15 1.339881225814593122e-15 3.173172763556830490e-16 3.011080131963973735e-16 6.913784398272094536e-19 1.446038082721099248e-15 3.626232546021086659e-15 5.508108719056203376e-15 1.303451428745846577e-14 1.036170444651206444e-14 1.027613116098122837e-14
3.934319462354507325e-14 6.133469674004970208e-15 1.564604641430777707e-15 2.606125934945177668e-15 1.296329404115389143e-15 1.363888164499199096e-16 8.737282607570884358e-19 8.180668382513185969e-16 3.346207587139023991e-15 6.048335615523019500e-15 1.205816005529886969e-14 9.409845231010002799e-15 1.027613116098122837e-14
3.934319462354507325e-14 6.211431069843741489e-15 2.631010855619074347e-15 2.261089611951824400e-15 1.849409982567954661e-15 1.966571996534297247e-16 3.921211358185757323e-19 4.940287380092081302e-16 4.695012302266653092e-15 7.148327324755275257e-15 1.176185988035038974e-14 9.559265848372050214e-15 1.027613116098122837e-14
3.934319462354507325e-14 4.999507814344925426e-15 2.601822504073384344e-15 2.624304808556857453e-15 3.194574118827780511e-15 1.610534055693905739e-15 2.627080687225814943e-19 3.546570815824470296e-15 6.307076386453322967e-15 1.053264393816782241e-14 9.828933070069019403e-15 9.730473352260925756e-15 1.027613116098122837e-14
3.934319462354507325e-14 7.594333830677713350e-15 2.430485182102996537e-15 2.395800764044877055e-15 3.644677195679877014e-15 1.934119439063172122e-15 1.347407437093877388e-13 9.535872552631600154e-15 1.109768683741046119e-14 1.126597385307816328e-14 9.895926789766847861e-15 9.882613534991824267e-15 1.027613116098122837e-14
3.934319462354507325e-14 8.304770158324094413e-15 2.347410036123549748e-15 1.760945821676626934e-15 3.347485302017131482e-15 2.367790383121810235e-15 7.192900249696393534e-14 1.580203563941915766e-14 1.144721962728608334e-14 1.136115707449017254e-14 8.263917091641461100e-15 9.551174375017445019e-15 1.027613116098122837e-14
3.934319462354507325e-14 1.132487537345384010e-14 3.998063796797678550e-15 1.793257214330701598e-15 3.269639003204026604e-15 4.516301060233015558e-15 1.947512515075823444e-17 9.977148586890227756e-15 1.127945155874732164e-14 1.041894938264093861e-14 8.735769572397921430e-15 9.001130228123288417e-15 1.027613116098122837e-14
3.934319462354507325e-14 2.074343960649146160e-14 1.027662061361477447e-14 2.341145359527287958e-15 3.284638406517388105e-15 4.877593315851149202e-15 8.690010815746748332e-09 6.621666161870561253e-15 1.085084398247725388e-14 1.052817117769531273e-14 9.791644041024137835e-15 9.249983490977556279e-15 1.027613116098122837e-14
3.934319462354507325e-14 3.214165536315316636e-14 2.067934627857445985e-14 1.812003920091313671e-14 1.887908310854452967e-14 2.169721754954067392e-14 7.390962683360600634e-14 1.640843639047695981e-14 1.512053421895251383e-14 1.026674827333620336e-14 8.866127108662747540e-15 9.923047988533135784e-15 1.027613116098122837e-14
3.934319462354507325e-14 3.952073858458458939e-14 3.029373409009343048e-14 3.162472133579168643e-14 4.236987509208960006e-14 3.564495243796539349e-14 7.195034477445578133e-15 2.303100891558113775e-14 1.700856219108158828e-14 1.218773643526763148e-14 8.319382982999351873e-15 9.316909599711743361e-15 1.027613116098122837e-14
3.934319462354507325e-14 4.852769782313496840e-14 4.111618864786093966e-14 3.465343268185414798e-14 5.533565227359629317e-14 5.307563004455779591e-14 5.168627484821085642e-12 2.003322402959129374e-14 1.795213370215269039e-14 1.309906186033515619e-14 8.737189598556498492e-15 1.022663770519696405e-14 1.027613116098122837e-14
3.934319462354507325e-14 5.012303846743039204e-14 5.505134983772462804e-14 4.079541383611556616e-14 6.404481901708783263e-14 1.907732088317940296e-13 1.898005047917129408e-13 8.129745359744181466e-14 8.430489533581165046e-14 1.247848695340440054e-14 8.550287309301349319e-15 1.033425097961277034e-14 1.027613116098122837e-14
3.934319462354507325e-14 5.535907445073995592e-14 6.393244712299329157e-14 2.083196478738822917e-14 1.995100223105310777e-13 2.858340071945061104e-13 1.944161495983279961e-10 2.891649538174055908e-13 1.983095027897939739e-13 2.934391209982687698e-14 1.051626904716369338e-14 8.219766356365498225e-15 1.027613116098122837e-14
