1.323610469466154297e-14 8.578508703839512317e-15 4.763358045701992839e-15 2.397476663869325929e-14 1.658014742458313267e-14 1.830473083378459194e-13 2.767236780481650497e-09 4.228080342170792042e-13 3.118843450503258410e-14 1.691885748913294190e-14 1.108865668287642551e-14 2.776670071696023377e-14 2.831107871714279901e-14
1.323610469466154297e-14 6.511338338695770071e-15 2.937349096318812987e-15 1.776985902154242163e-14 3.439931336533274492e-14 5.319323094796290140e-13 5.501072050500853294e-13 4.217909192252289321e-13 2.694259999203247530e-14 1.396395158313686728e-14 1.102439311503008113e-14 1.690247165425575392e-14 2.831107871714279901e-14
1.323610469466154297e-14 5.874772774480322989e-15 3.263095597888546848e-15 8.793286282193471556e-15 9.881800156704439429e-15 5.253842269611720709e-14 5.318771979239067685e-13 7.084817477410102395e-14 7.171400497106907185e-14 3.851971324737333529e-14 1.221802685107992143e-14 1.112003988513961493e-14 2.831107871714279901e-14
1.323610469466154297e-14 6.090353332923167712e-15 5.015240664953039603e-15 1.366534827206709778e-14 5.835847443697116564e-15 2.853728640972766486e-14 3.766839161510647613e-13 2.974456011966876744e-14 3.173831816322789785e-14 2.302015786266252479e-14 4.415949255345900159e-15 5.885003713874534611e-15 2.831107871714279901e-14
1.323610469466154297e-14 8.362719976976117413e-15 4.411890936140594871e-15 2.129883911983409521e-14 1.431329539466203476e-14 2.116739325767594202e-14 1.495553998501895243e-15 7.798772018814865019e-15 1.483050372812445560e-14 5.700900304387223842e-15 2.547374787540358658e-15 4.507989373734910300e-15 2.831107871714279901e-14
1.323610469466154297e-14 1.051260806829562795e-14 5.898480451551856905e-15 1.199215954416237613e-14 1.432566425792729181e-14 1.255903945918186284e-14 1.661800784031253921e-16 6.483158439382099949e-16 6.733525041386679902e-15 4.053308394338720663e-15 1.307896080333143975e-15 2.693114438259345362e-15 2.831107871714279901e-14
1.323610469466154297e-14 7.679625110802651580e-15 5.230593318740469825e-15 7.881937882236233931e-17 3.009724939906617479e-17 7.122520772739632314e-14 2.384085977412608664e-12 9.040234624368305090e-18 1.823708103163924816e-15 3.150753727196717978e-15 1.069387229235706505e-15 1.968129816487263060e-15 2.831107871714279901e-14
1.323610469466154297e-14 9.371119756865641800e-15 4.744467765184485348e-15 9.456762333671766775e-17 3.044240119212850745e-16 1.097445065803765461e-13 2.278965846793228504e-14 1.950634342358847245e-18 2.629469722111660401e-16 1.814966592639196685e-15 7.101545988583211264e-16 1.673552692055071856e-15 2.831107871714279901e-14
1.323610469466154297e-14 1.409040624657623561e-14 4.037870922583848527e-15 1.048751911774495899e-16 7.406137775613917970e-17 3.673839873635523813e-17 1.725343431061615673e-18 2.493458366505908583e-18 1.945742748303505073e-17 1.504807566301033765e-16 7.278497587449451796e-17 8.783295426751330368e-16 2.831107871714279901e-14
1.323610469466154297e-14 1.062086275841007676e-14 4.624043744105900328e-16 1.209119128622816119e-16 9.441547573371553076e-18 2.084175844730985906e-17 3.001681897204435531e-18 3.004493570715785031e-17 1.222329450754465711e-17 3.553785079997782814e-17 1.814520872330713127e-17 1.235208420514999408e-16 2.831107871714279901e-14
1.323610469466154297e-14 1.339300746910007373e-14 5.034895214241326364e-17 1.113740945085174976e-17 7.770948753479410924e-18 1.048569086175634491e-16 3.027618581114567301e-18 1.772135676635892392e-17 1.685621193449202749e-17 7.281659888404936633e-18 1.256071976339961956e-17 2.481022395281444649e-17 2.831107871714279901e-14
1.323610469466154297e-14 1.689709201562861786e-14 2.669197459926638935e-17 2.060434384860720528e-17 1.206024739312674762e-17 6.643536587793916209e-17 2.895494855593910912e-18 8.189515546382921549e-18 6.661926917787887663e-18 6.105523232696821567e-18 2.092135501974465754e-17 2.571999135143351660e-17 2.831107871714279901e-14
1.323610469466154297e-14 2.066127976896227122e-14 7.836434020607623004e-17 5.976372633823215583e-18 2.504566255656826309e-17 5.091232169045175878e-16 2.161585250752690995e-15 9.664758648964987212e-18 2.246539200610370796e-17 1.459188476396860144e-17 1.237052264270912353e-17 2.021594865704298607e-17 2.831107871714279901e-14
1.323610469466154297e-14 2.404183729678527337e-14 2.723522258877862043e-15 7.202454632606997269e-17 8.142165997749163800e-17 1.187806514914463224e-16 2.454619474231676036e-16 2.819842596760334590e-17 1.430388976498654202e-17 6.610096329437672890e-18 1.143702495416963139e-17 1.959923412052639477e-16 2.831107871714279901e-14
1.323610469466154297e-14 2.117645484154159071e-14 4.585501041072708712e-15 2.125447111704827795e-15 1.336447603615402472e-15 2.495454862622248457e-15 1.339496664918661116e-11 1.021338219466280312e-17 8.573600804453861489e-18 3.914577964511747481e-17 2.426083986188662878e-17 3.531910259070044013e-16 2.831107871714279901e-14
1.323610469466154297e-14 1.099371120113398430e-14 6.565462449932433617e-15 5.769767958363217208e-15 2.305183517518283150e-14 1.058631279363999851e-16 4.811879707616737692e-18 1.820261035676280525e-15 1.723580203821900784e-15 1.647981831780723602e-16 2.908403858709970173e-17 3.410387598832170240e-16 2.831107871714279901e-14
1.323610469466154297e-14 7.918209439469666009e-15 1.285428634717469303e-14 1.701522868342085788e-14 1.381443713051448505e-14 1.495507489341561741e-16 2.881816824048156289e-18 2.435962736097843745e-14 2.436373555213954793e-15 1.983131524656496498e-15 1.400075437049699999e-16 1.351832355116310429e-16 2.831107871714279901e-14
1.323610469466154297e-14 1.021349664177153371e-14 1.028394628471861181e-14 1.685105140555028856e-14 1.044133323038685389e-13 9.874464789039623388e-14 1.636000323430162136e-12 2.094325932914104601e-14 1.022518073417547952e-14 1.688422919366204692e-15 2.287135837261310693e-15 1.154503314454033331e-16 2.831107871714279901e-14
1.323610469466154297e-14 1.533794055754661025e-14 1.008839323043054455e-14 1.693689521684988162e-14 1.386571864727029493e-13 2.789618774181249200e-13 2.847579732593853876e-13 1.212281543569997181e-12 1.237940269172932378e-14 3.965655244819019434e-15 6.338339550533260157e-15 2.181809986075941835e-15 2.831107871714279901e-14
1.323610469466154297e-14 2.797301078115712681e-14 1.359263517806245744e-14 2.002850016870319581e-14 1.062892983240391138e-13 6.013152159221128820e-14 3.811504418410457295e-12 7.100576620660989430e-15 1.733911491484411571e-14 9.434582332811682431e-15 8.508766469775279814e-15 1.556687350725171256e-14 2.831107871714279901e-14
1.323610469466154297e-14 3.002747454043918999e-14 1.340170020972925977e-14 2.088504857439147180e-14 9.969903302241388074e-15 1.310209711360990025e-14 2.101376358803773562e-11 2.863580898058902267e-11 2.583459887132361627e-14 1.366439049418491526e-14 1.468734416897825649e-14 4.028543668340383296e-14 2.831107871714279901e-14
1.323610469466154297e-14 1.886111006789788301e-14 1.420156176906421853e-14 3.769133511065699740e-14 3.139004820297658368e-14 7.508227914252253450e-14 3.153127092852087902e-16 6.865212876243772357e-14 5.290145849600158892e-15 9.183570513655587114e-15 1.573763063635002735e-14 4.756188390737187968e-14 2.831107871714279901e-14
1.323610469466154297e-14 7.951747750630024843e-15 7.287189797086778513e-15 3.140069906688464254e-14 2.380262481024431274e-14 1.638410473328041464e-14 3.550319684913511423e-13 1.880396796826467612e-14 9.804364064611488258e-15 1.340457188231112310e-14 1.459801595044776499e-14 4.979054790220377528e-14 2.831107871714279901e-14
1.323610469466154297e-14 7.544480978827634067e-15 7.205484652793644045e-15 2.093910854051745157e-14 4.599880188103797133e-14 8.397446569541392396e-14 1.875503828552246182e-13 2.536943162050992995e-13 1.022807926187856464e-14 1.809963232605103311e-14 1.713453737104962739e-14 3.904900586032029075e-14 2.831107871714279901e-14
