1.656027526828100920e-14 5.174381252023233424e-15 7.491182351412720457e-15 1.739057605653345238e-13 2.747993484033600972e-12 1.826194738890341799e-12 4.070562304168663512e-09 3.487223279590243273e-11 2.803141270119983492e-13 2.603170905462254175e-13 1.625062467523579388e-13 7.588631580914867201e-14 7.731334004579846740e-14
1.656027526828100920e-14 7.365650500488672505e-15 6.464911258284937800e-14 3.027257967353244124e-14 3.135941665544456738e-13 2.791187669591931743e-12 4.380618041075124043e-10 3.727439372319955577e-12 4.951218505907131542e-13 3.208460470387967368e-13 2.914806549838423116e-13 1.153078285151241038e-13 7.731334004579846740e-14
1.656027526828100920e-14 1.235907243861630823e-14 1.091797090038389161e-13 1.066596346099096986e-14 1.559428456754733975e-13 1.612713203707349826e-13 2.217236661595778301e-11 2.908106420526593789e-13 5.300875581893087085e-13 4.069807408463881176e-13 2.271223422225673634e-13 1.149862460509732429e-13 7.731334004579846740e-14
1.656027526828100920e-14 1.600769623994066904e-14 4.731958905562003166e-14 1.376238805400293457e-14 7.548423738393921928e-14 7.948301052509956299e-14 2.734402056838174607e-12 3.687235007486624912e-13 3.062802292829143351e-13 2.679615146796057840e-13 6.524843272453571453e-14 7.977552620766177636e-14 7.731334004579846740e-14
1.656027526828100920e-14 1.571464568633546485e-14 2.248584190596643725e-14 1.219106934709054178e-14 1.618320031805430446e-14 1.279675087646219014e-13 2.915425244394945481e-19 2.424734838909899478e-14 3.145485029026834235e-14 4.605515267320770256e-14 4.670742390762708951e-14 6.086053262710226072e-14 7.731334004579846740e-14
1.656027526828100920e-14 8.796062257622717155e-15 8.362551263104164452e-15 1.992396616176843771e-14 2.687324229000031081e-14 3.649086607382985775e-14 1.964981561013956874e-18 2.027479267096598716e-14 2.084898569251790081e-14 3.395601929832759125e-14 2.846103417117960044e-14 5.103652955432147897e-14 7.731334004579846740e-14
1.656027526828100920e-14 9.176083333869730344e-15 7.244122932961148883e-15 1.615727966641479421e-14 4.097732034678843106e-14 2.030417493340762061e-14 5.455499268807908636e-15 2.635097077594707068e-14 2.463888353437971501e-14 2.575284748157766740e-14 4.690062403059866074e-14 5.691878929858219511e-14 7.731334004579846740e-14
1.656027526828100920e-14 1.042188360073241297e-14 1.141833840748143965e-14 2.254243335482703036e-14 6.652759148859783257e-14 4.945634511465496246e-14 2.525470544860528577e-18 3.045759070669962394e-14 1.208945276316175879e-14 1.012636794648609097e-14 4.587918476961476066e-14 6.808932305692706062e-14 7.731334004579846740e-14
1.656027526828100920e-14 1.282601064297709264e-14 2.916805095412220464e-14 2.802516489541397400e-14 7.804833106647519759e-14 5.401243616108063691e-14 1.298106499584387542e-16 5.343699871730202137e-14 2.762312832137317803e-14 3.134211918154812604e-14 7.191690047843332291e-14 6.199553481921585348e-14 7.731334004579846740e-14
1.656027526828100920e-14 1.747308276238404240e-14 4.103038913322380382e-14 4.525591971580867830e-14 9.278830712343052589e-14 4.619004137806876004e-14 2.069544489436279151e-18 7.745841436072642765e-14 2.631620999798647288e-14 3.329812912451576477e-14 6.261840678866941924e-14 7.391846229676641938e-14 7.731334004579846740e-14
1.656027526828100920e-14 2.624534981285340576e-14 7.079636207895226386e-14 1.024497343157908957e-13 1.332848003378410627e-13 7.239306456056279088e-14 6.098925854021469956e-15 8.577473985280583976e-14 5.475329853682844740e-14 7.229248826568656747e-14 4.878995732678395864e-14 6.665678221206655090e-14 7.731334004579846740e-14
1.656027526828100920e-14 2.831332698401494412e-14 8.943287652138720568e-14 1.472781549025520903e-13 1.102915891297026047e-13 8.038564815274380467e-14 5.820038117928653997e-17 9.962657553104111046e-14 1.084767607318379732e-13 6.463547312141484779e-14 7.909921537395887591e-14 6.259764222836682725e-14 7.731334004579846740e-14
1.656027526828100920e-14 3.109772803013215798e-14 8.056295305103524066e-14 2.312695096708010821e-13 1.234678783182870422e-13 9.474399356784155749e-14 2.425988231016534176e-15 8.479347616836489462e-14 1.069374966935726604e-13 1.763250498781405408e-13 1.003750087526559257e-13 6.363610261730848736e-14 7.731334004579846740e-14
1.656027526828100920e-14 3.178366663965061097e-14 8.066347816996665694e-14 2.380289115710522663e-13 1.723677595223672149e-13 1.080508555101185279e-13 1.688993268242581406e-16 1.004262204501273835e-13 1.379131726546468870e-13 1.298476212503393057e-13 1.777572750119925124e-13 7.514165829681670351e-14 7.731334004579846740e-14
1.656027526828100920e-14 3.936530663269928135e-14 7.440705501426094096e-14 2.140137816053284988e-13 2.009556951427030524e-13 1.869773301081882877e-13 1.452249820576845933e-14 1.155031456546945934e-13 2.303902045105499998e-13 1.876102547397556013e-13 1.498430945487737837e-13 9.551199818623649909e-14 7.731334004579846740e-14
1.656027526828100920e-14 4.174152969851377947e-14 8.138584179523813741e-14 1.643823014353538662e-13 1.917243611933119740e-13 2.257001269432163745e-13 6.235191700593135940e-14 1.709442875943655133e-13 2.412644701482102674e-13 2.777292571275163439e-13 1.630828363347520191e-13 9.338838959987371263e-14 7.731334004579846740e-14
1.656027526828100920e-14 3.786994666804729689e-14 8.392024237279173718e-14 1.993536127867631761e-13 2.073378698389196724e-13 3.464340950064550483e-13 3.924540358086326985e-12 7.044649988291398457e-13 3.905120799744991165e-13 3.789142729354594194e-13 2.399881890896518451e-13 1.109913709253332060e-13 7.731334004579846740e-14
1.656027526828100920e-14 2.975711237730177704e-14 7.616065523052378884e-14 1.537217394314262332e-13 2.659042493010487277e-13 2.355993822348471969e-13 1.391362370018609196e-13 6.837011790633936710e-13 7.457335609754541604e-13 4.975209390925514064e-13 2.341718381850121268e-13 9.832592556110574701e-14 7.731334004579846740e-14
1.656027526828100920e-14 2.353187100661710977e-14 4.957597449918879620e-14 1.508525047821586036e-13 3.948977167993350553e-13 2.886916975754704921e-13 3.772503039968432066e-15 6.617604401021929251e-13 6.627833880597204309e-13 5.185445702670249508e-13 2.810152661676849993e-13 9.575787613449894572e-14 7.731334004579846740e-14
1.656027526828100920e-14 2.126791469531108695e-14 3.549214549536591303e-14 1.555960386261869645e-13 1.794002745042498988e-13 1.663366528058962346e-13 2.778343934447230985e-13 9.588385676210458494e-13 8.813100163293720765e-13 5.273925068810545649e-13 2.708085697823146553e-13 1.229193601385777532e-13 7.731334004579846740e-14
1.656027526828100920e-14 1.450296517579044331e-14 4.829866210577575339e-14 1.958054810848306941e-13 1.038367900408410579e-13 1.537036990713334106e-13 1.674495188130767962e-13 5.203789240765648623e-13 5.394407599252032494e-13 3.567665455196668174e-13 2.366809140008425608e-13 9.164128399568727582e-14 7.731334004579846740e-14
1.656027526828100920e-14 1.195630029034253503e-14 3.566928939193504853e-14 2.198510954692011664e-13 3.614341744543317020e-13 3.236185835155461958e-13 3.543001276090081478e-15 3.686114464926361240e-13 3.463692680564403577e-13 2.025902133432759444e-13 1.567638096128648963e-13 9.441610503864925308e-14 7.731334004579846740e-14
1.656027526828100920e-14 5.864542435506372963e-15 2.071940820759314741e-14 2.900642319201975418e-13 8.180071622855874978e-13 1.858836599850275301e-12 2.445338435478907832e-12 1.604699288290137634e-12 5.231686682045940608e-13 1.542345921199626674e-13 1.532400304890454638e-13 7.629935591913265979e-14 7.731334004579846740e-14
1.656027526828100920e-14 4.381901368831194710e-15 2.394320861577111534e-14 2.264077548189875456e-13 1.209976959172466788e-12 1.990366488067423001e-12 6.440382657332901587e-12 4.645596986406606770e-12 8.510841456185679988e-13 1.979799553723940913e-13 1.554499267827575298e-13 7.561060719967993418e-14 7.731334004579846740e-14
