2.526616651838160289e-13 3.938437540855785938e-14 1.088658379716781130e-13 1.415959435007320239e-13 7.546937784901547245e-14 4.211567825286559369e-13 4.906088685134555605e-09 3.512875529275188195e-13 3.808091946344492476e-13 3.221488015064472275e-14 1.020261677560448982e-14 5.767079621171367425e-16 9.303360302327194928e-14
2.526616651838160289e-13 3.961242157597560774e-14 7.777170069650353441e-14 4.743766446097275245e-14 5.515850271666954280e-14 3.209029371538248179e-13 2.366201973629927508e-11 2.013322451049366605e-12 4.838578450824155104e-12 2.544332581079951919e-14 1.576553986051202459e-14 7.112383331088207594e-16 9.303360302327194928e-14
2.526616651838160289e-13 2.151481880556377615e-13 8.951089361808821952e-14 2.842181768641674730e-14 5.363410523639176305e-15 8.548494229928420874e-14 1.435271428339371339e-09 1.898712094281174446e-13 4.700758239814725446e-13 1.002384119251539874e-14 6.800304144278712648e-15 8.090338632202036276e-16 9.303360302327194928e-14
2.526616651838160289e-13 2.442589378994735622e-13 8.419264052524156108e-14 4.375494049182634089e-14 1.178288360865271829e-14 1.369043165016121396e-14 1.529626069248217102e-13 1.707084935435802189e-13 1.334210913211998639e-13 4.309248822179412624e-15 4.212961440211145194e-15 1.263372017178591728e-15 9.303360302327194928e-14
2.526616651838160289e-13 4.810072351810635822e-13 4.474703075821594180e-13 2.949155768513312378e-14 4.212236407455560867e-14 1.278842274596884972e-14 7.581697673552220839e-13 1.925753158902779133e-13 2.153722337546337232e-13 4.444782806146919254e-15 3.535634832594902080e-15 2.420790141217927049e-13 9.303360302327194928e-14
2.526616651838160289e-13 4.810058201615041444e-13 6.717624722617954608e-13 5.514300061182581539e-14 2.750023350395553015e-14 4.051118254875490538e-14 3.509548396780462716e-13 1.443025416742980229e-13 3.414149841356542430e-14 1.928824675743427328e-14 3.667065601213324344e-13 1.047381041397273895e-13 9.303360302327194928e-14
2.526616651838160289e-13 3.839203611569908410e-13 5.558983569365922650e-13 5.560308950274914126e-13 3.828649756745086488e-12 3.591005528874509551e-13 4.198167782053158149e-13 3.227782579881432383e-12 3.298186558355819416e-13 2.586704359459039275e-13 6.551488961180520244e-14 1.045322503901747903e-13 9.303360302327194928e-14
2.526616651838160289e-13 3.809698326013459885e-13 1.623180080156293355e-12 7.066780956140561391e-13 1.444670806502815560e-12 2.268559847598614653e-13 2.584611168540700079e-13 5.320351059621325894e-13 2.048970475673385375e-13 8.493799856960000194e-13 4.717944239350200765e-14 1.297316768231881380e-13 9.303360302327194928e-14
2.526616651838160289e-13 6.029402662411812024e-13 1.775116357836549510e-12 6.753543318484748478e-12 1.931497626864712529e-12 1.961826104504309943e-13 2.088958455027033239e-13 2.906629642652001345e-13 3.712864129084289348e-13 1.272066036390900529e-13 7.517693666527221045e-14 3.640644611180388239e-14 9.303360302327194928e-14
2.526616651838160289e-13 4.549000037985588871e-13 2.691082979080013422e-12 1.648212554496682006e-12 1.648898443935409709e-12 8.500821049549723266e-12 4.799927837402076527e-12 5.385603717357976722e-13 4.096557479525038046e-12 8.536682804669845455e-13 7.992316064830095050e-14 3.830373618103767806e-14 9.303360302327194928e-14
2.526616651838160289e-13 3.455876929505121929e-13 4.578682551745727617e-13 5.824546088961944413e-13 8.028071070964645987e-13 2.299586334055248147e-12 1.868917089609123217e-13 7.194943651052056329e-13 1.639146369648387375e-13 1.986868460128173205e-13 8.862945505342364254e-14 2.209882361431013523e-13 9.303360302327194928e-14
2.526616651838160289e-13 3.326687787018682938e-13 3.824989588870073028e-13 1.867075486725812238e-13 4.851037241970618303e-13 3.212251615332456543e-13 1.188792301650809398e-13 3.967295168917562645e-13 8.678537451779772022e-13 1.032224536906994792e-13 8.152404147353024312e-14 1.524119347454804434e-13 9.303360302327194928e-14
2.526616651838160289e-13 6.505938676826428915e-14 5.914555359106600328e-14 3.564795380639558254e-13 3.521825657920734056e-13 1.995832643836444767e-13 2.125075198952108096e-12 1.909979788861406996e-13 1.806832651260221125e-13 1.000741478259840946e-13 7.564105413412394195e-14 4.599568944833211874e-14 9.303360302327194928e-14
2.526616651838160289e-13 6.775296874403767449e-14 7.991310709412639050e-14 9.281391424845177993e-14 7.699095175330090323e-13 1.284089297015918257e-13 2.226290129205061344e-14 3.884937840753887674e-14 7.486594378383065370e-14 7.184798357013486343e-14 6.394535070373597179e-14 4.615345821277241525e-14 9.303360302327194928e-14
2.526616651838160289e-13 3.762483973024885986e-15 8.519049685646742082e-14 2.085206133264953050e-13 8.021901180857161662e-14 4.489030464965043888e-14 3.613083375946389757e-14 3.575059755653351051e-14 2.889738635918313927e-13 1.710975633230651928e-14 2.826334652546468036e-14 5.245513520757865920e-14 9.303360302327194928e-14
2.526616651838160289e-13 3.812116337740311857e-15 8.798151901467593560e-14 2.132343124174201539e-13 1.929269285016832387e-13 1.342027245932384338e-13 3.211869520239380900e-14 2.368146226429466766e-14 7.386569790176600080e-14 1.872901095938761756e-14 1.422100646692186018e-14 2.829139182379242717e-14 9.303360302327194928e-14
2.526616651838160289e-13 3.949331514622959538e-15 5.013871206856641866e-15 5.729179693962284045e-15 5.925587054509380119e-14 1.212513643295242093e-13 4.942106091433197763e-13 2.405756143909158971e-14 7.493727216124537094e-14 4.124075814709463826e-14 1.444379689334040538e-14 1.380223810395351011e-14 9.303360302327194928e-14
2.526616651838160289e-13 2.934885752040003595e-15 3.430333618138552935e-15 7.336873220015699765e-15 5.760059482171454715e-14 1.347613753365837842e-13 2.945800504179111905e-14 2.142720461619000213e-14 9.217368916875146991e-14 5.973017493631899667e-14 3.578618008927263517e-14 3.127413143254768443e-14 9.303360302327194928e-14
2.526616651838160289e-13 7.806448578323907955e-15 4.654988406812486644e-15 6.541252328887641355e-15 1.428304371434485534e-15 9.041895416580970830e-15 2.476180024791446567e-14 1.961262855182431620e-14 1.085730198890097166e-13 3.114177924007207220e-14 1.843795336524050155e-14 2.987771745928173775e-14 9.303360302327194928e-14
2.526616651838160289e-13 8.320330720717845990e-15 3.582168642427804471e-15 4.350338986358505835e-15 1.206047374061095210e-15 1.827544748294968468e-14 9.589873822937401550e-15 7.163472398508260069e-15 1.511999435549267845e-13 3.027605134080462465e-14 1.765664896712379387e-14 2.990505490070514006e-14 9.303360302327194928e-14
2.526616651838160289e-13 4.009518545885577289e-14 2.137070385067957452e-14 4.214603875511603497e-15 2.398252678078169353e-15 1.841127606046419217e-14 6.437612819243575887e-13 2.234891470851073677e-14 1.959830460057901654e-14 4.025760338415647283e-14 2.936789970885079361e-14 2.971780852847714532e-14 9.303360302327194928e-14
2.526616651838160289e-13 4.014271869722122747e-14 4.882586362679740172e-14 4.304695303335903416e-15 4.533796320589039582e-15 3.897257818479014312e-14 7.246802467813777243e-14 1.952794389700551323e-14 1.121526775846425044e-14 3.631518578264107388e-15 1.682495925620599211e-15 2.956260605026428585e-14 9.303360302327194928e-14
2.526616651838160289e-13 4.020715319593466645e-14 3.280800060206091620e-14 5.310020060586197253e-14 1.136097443927320951e-13 3.512961501456100048e-14 3.988601514030930911e-09 7.024552868754457185e-14 2.970918495087413085e-14 1.510226946271278701e-14 1.615432645303565331e-15 9.510027058342943407e-16 9.303360302327194928e-14
2.526616651838160289e-13 4.026531727607403392e-14 4.422783796032981565e-14 1.146882538676701738e-13 1.197780721072733846e-13 2.401834111048426592e-13 1.882074202018909099e-13 1.248953755700398454e-12 2.373626597285610264e-13 2.844587613347388209e-14 4.954125848746695519e-15 5.889873610659295764e-16 9.303360302327194928e-14
