4.268815075977423030e-15 8.833494501381040514e-15 3.562787463364049328e-15 5.993179081389365749e-15 2.373033833715401317e-14 3.619895257494536643e-14 1.542685278565508151e-05 7.443446158920097776e-13 2.119673464850493562e-13 4.975758148637541682e-14 1.413884495294265934e-14 1.461680519586676904e-14 1.634444761865535858e-14
4.268815075977423030e-15 8.905226965344404349e-15 4.138590407933198618e-15 1.600285607084330157e-14 4.681373174509104798e-14 3.328173314898937512e-13 1.620113601060726928e-11 1.217958294689788668e-12 2.983604651202673746e-13 5.580605906206522881e-14 2.963353834588040212e-14 1.356146337438976271e-14 1.634444761865535858e-14
4.268815075977423030e-15 9.017226103496856218e-15 7.904056236030432973e-15 1.433386376066207743e-14 6.525801819796157203e-14 9.540055327601043759e-14 1.168978996629719249e-13 2.652202104115071125e-13 1.292639138182863687e-13 7.346739147413860981e-14 7.387965687973407982e-14 1.504159320768678860e-14 1.634444761865535858e-14
4.268815075977423030e-15 9.803613994382924637e-15 8.828040778000134688e-15 4.220927653368892823e-14 3.777632344227912984e-14 1.277205045071078148e-14 1.186879147889397980e-14 2.944147458561633772e-14 9.461750469375649058e-14 5.772259854589181426e-14 7.107630333344920898e-14 1.671370744223542398e-14 1.634444761865535858e-14
4.268815075977423030e-15 8.356934274335645715e-15 1.040841804068464369e-14 4.059837514076104657e-14 6.484667200963753487e-14 3.484883978996373776e-14 2.398215359010066659e-06 5.905965108378622562e-14 9.588918685990197320e-14 7.889722898593639971e-14 2.827557219238987705e-14 1.605038861411499148e-14 1.634444761865535858e-14
4.268815075977423030e-15 1.009170015599282272e-14 7.391288334986082669e-15 1.033895128597610204e-14 1.698710749953839538e-14 8.059907400164065838e-15 7.915864032485611642e-15 7.280099654250088166e-14 6.383835347182860860e-14 3.930786876685521755e-14 1.300435708204823582e-14 1.431126351084095010e-14 1.634444761865535858e-14
4.268815075977423030e-15 9.793935553085911804e-15 4.245487797247814075e-15 3.990216302827837041e-15 7.170043956397290515e-15 3.095113338551193551e-15 1.609036301989577602e-18 3.869033644102565776e-14 8.697673275890090877e-14 3.540383952046048248e-14 1.829517657220883957e-14 1.913336326905900408e-14 1.634444761865535858e-14
4.268815075977423030e-15 6.871123423976872344e-15 4.767856578878199913e-16 2.025323685835386018e-15 5.847805861564024439e-16 9.088563143427181491e-16 1.466333615584979766e-18 1.885979657960929054e-15 8.854779383448094452e-15 2.378751962049578065e-14 1.225752341076015486e-14 2.142506573823620962e-14 1.634444761865535858e-14
4.268815075977423030e-15 4.028134589577212564e-15 4.092495791541827661e-16 1.624642764075573154e-16 5.301189235340013253e-16 4.156234198748633027e-16 1.474204455393969065e-18 6.988409045400100458e-17 8.703664112442410550e-16 4.571667354364018836e-15 3.517992533175893002e-15 1.253478734935494764e-14 1.634444761865535858e-14
4.268815075977423030e-15 8.581404660048090066e-16 7.443967206837280572e-16 6.635935813230896858e-16 8.076560819847257287e-16 1.136510776932429528e-16 1.740975667412222545e-18 2.307503374365213431e-18 6.421469203861309991e-16 3.965799251592037081e-16 8.598650553996279716e-17 5.640588529133955252e-15 1.634444761865535858e-14
4.268815075977423030e-15 1.147788581392241402e-15 9.800095806869803082e-16 9.995437364922792852e-16 3.589881842691753185e-16 1.471866570167897340e-17 2.178892856082747475e-18 7.804543683006670650e-17 4.809777622890168696e-16 1.644260990191356296e-16 6.830168195314409379e-17 1.430350369469310385e-15 1.634444761865535858e-14
4.268815075977423030e-15 1.308294974848913905e-15 9.588348760942442974e-16 9.882307390380454124e-16 2.387860590240033418e-16 2.498446654397539013e-17 2.368298567157022225e-18 2.250313748129986068e-18 3.796454864313532947e-16 8.428162710233266737e-17 3.044796726611828130e-17 3.060846862963913619e-16 1.634444761865535858e-14
4.268815075977423030e-15 1.215537273465086046e-15 1.142447585374776079e-15 1.261506992320708099e-15 1.149723231695146403e-15 1.864857371863470082e-16 2.288429102792350955e-18 1.866684164992457320e-18 1.505245477048698130e-16 6.478556165262627280e-17 4.897246980861516722e-17 5.103008926093280023e-16 1.634444761865535858e-14
4.268815075977423030e-15 1.324448816314259102e-15 1.200350216790221247e-15 2.564258207400208215e-15 2.683244743301963221e-15 2.916618580850368005e-16 2.230177010140263001e-18 3.873030179603357427e-18 5.693228515853837588e-18 8.021187610146531428e-17 8.907286592706137341e-17 3.154548002593948224e-16 1.634444761865535858e-14
4.268815075977423030e-15 1.275470175236261637e-15 1.251649071915554161e-15 2.072663248392925312e-15 1.493727145147139557e-15 2.191469963130572117e-15 1.903950408451512061e-18 1.895847018911557509e-18 1.788981684014945813e-17 5.801121475075843123e-17 1.144181938118878866e-16 2.246355627116218459e-16 1.634444761865535858e-14
4.268815075977423030e-15 1.286546626980587737e-15 1.406414332885964712e-15 1.413618945716940334e-15 4.658426283954123603e-16 3.571697181558656080e-16 2.422866374159166021e-18 7.926554796946643203e-18 2.026890958580087409e-16 2.997047474564743549e-16 3.795250483484805773e-16 8.526556800070304502e-16 1.634444761865535858e-14
4.268815075977423030e-15 9.960024202091812316e-16 1.320959947187526754e-15 5.197890228421396143e-16 8.927854166696421464e-16 1.514336949652571879e-16 2.056072374598248690e-18 4.227766478681959844e-17 1.992046117537261160e-16 4.858969342339160992e-16 2.633383011469588561e-16 1.191334132943056647e-15 1.634444761865535858e-14
4.268815075977423030e-15 9.729253425581830919e-16 6.600439791708215439e-16 2.537302378264015433e-16 2.273349932208499787e-16 1.216536923488981708e-15 1.652610271662962451e-18 1.418640701803568088e-16 3.816801887707572843e-16 4.771099611519662667e-16 1.249095900312827399e-15 2.584734346017505634e-15 1.634444761865535858e-14
4.268815075977423030e-15 1.397827275795488889e-15 5.762789473268858160e-16 3.857314391524720471e-16 3.800475465565354530e-16 1.995161556803798724e-16 9.259306908045497652e-15 9.399775480141806321e-15 7.435983584141615929e-16 4.716431382150036405e-16 2.613876106898204932e-15 5.696811477203008563e-15 1.634444761865535858e-14
4.268815075977423030e-15 3.141490454348694359e-15 9.850567460169847578e-16 8.827208161126404085e-16 9.538315245466174607e-16 3.776596790595924717e-16 3.557129500093541914e-15 1.044409637030368631e-14 3.501104911552365787e-15 2.482037946221587766e-16 3.071491861827573584e-15 8.106162961590199444e-15 1.634444761865535858e-14
4.268815075977423030e-15 5.225439632666302560e-15 2.694381841176765384e-15 5.313853858133768338e-15 4.418859034248658461e-15 1.987361077582998636e-15 7.000184738045355379e-18 1.118896192573199738e-14 5.383366594217769048e-15 1.942140567614914883e-15 7.809829234109598771e-15 1.136513101898376962e-14 1.634444761865535858e-14
4.268815075977423030e-15 6.954873504284591024e-15 5.921753555316467117e-15 7.691314029857093116e-15 5.744699078479130422e-15 1.336514976166457056e-14 7.483583214871691829e-08 1.518760876441226403e-14 1.187716334805208321e-14 8.308852692267515610e-15 1.093810683045160269e-14 1.648341957763277595e-14 1.634444761865535858e-14
4.268815075977423030e-15 7.970474369568935955e-15 1.131167602759873655e-14 2.731587485551995024e-14 3.504094754963343489e-14 1.326416696896405043e-13 2.995468444347056709e-10 7.837650429457404220e-14 6.143889940543563562e-15 5.519528559362136775e-15 1.002985079221846553e-14 1.629300024631944347e-14 1.634444761865535858e-14
4.268815075977423030e-15 8.424642732644650530e-15 7.436014865621161523e-15 1.202238319606105868e-14 3.631126146213251390e-14 6.762027307674586794e-14 2.037657059752998189e-10 1.912645376023030708e-13 3.739223051615532041e-14 2.711621352071952857e-14 1.210131438902088656e-14 1.386329311858843037e-14 1.634444761865535858e-14
