1.617975413905015562e-13 1.497302637017808026e-12 1.386056615824783241e-11 1.994533798886478213e-11 3.896995537549721939e-11 3.811889070032736965e-10 2.388624704407722513e-07 1.207741536834800824e-10 1.914115218856600269e-11 8.224083648992368319e-12 6.011621422338911704e-12 1.950041871682066998e-12 1.212851508628062157e-12
1.617975413905015562e-13 1.355390158717021175e-12 8.606522358349148026e-12 1.070634994209975214e-11 2.034925995557786672e-11 6.691281449491838159e-11 1.467000784901476340e-08 4.631139400322588455e-10 1.239696161203978449e-11 7.623437820497933841e-12 6.164363067823334514e-12 1.682176770905607796e-12 1.212851508628062157e-12
1.617975413905015562e-13 1.343525018698806874e-12 6.168089544925653633e-12 1.081636089793521248e-11 1.640149716894864585e-11 2.907065885340630087e-11 1.754375168986911667e-09 2.526456455955306864e-10 8.028396867831366665e-12 4.311240236531114474e-12 4.236592667282935357e-12 1.375745273721025058e-12 1.212851508628062157e-12
1.617975413905015562e-13 4.386656889022851252e-13 7.008545745874070794e-12 8.846018179032465158e-12 1.395743244185165425e-11 1.125518352618648651e-11 4.590408476438916246e-09 2.877885886684211718e-12 3.832572056783028514e-12 3.235804594222622276e-12 3.765525034962780964e-12 1.142991207248442592e-12 1.212851508628062157e-12
1.617975413905015562e-13 1.864398868378118010e-13 3.005715369791109585e-12 6.426488153643671787e-12 6.883866428649144215e-12 8.723156675183896488e-12 1.490368376532674264e-11 6.918843809542823060e-13 1.525888281234748344e-12 1.925428597687694757e-12 1.405251907650332549e-12 9.240113898070059317e-13 1.212851508628062157e-12
1.617975413905015562e-13 1.433704653708084329e-13 1.685492429367406306e-12 2.201730847291047952e-12 3.174758718820971493e-12 3.051063379839717902e-12 7.387175476669307270e-15 3.161876438118371445e-13 2.648810366695869221e-13 6.027129056399241323e-13 7.064386113843957590e-13 8.709766889356948354e-13 1.212851508628062157e-12
1.617975413905015562e-13 6.362874236997235848e-14 3.516969884823192817e-14 6.144157544236707276e-13 6.000916313602620581e-13 7.702747033660154821e-14 4.754074753099115173e-17 3.959121099584819982e-13 2.078494024097955314e-13 4.298432965569695007e-13 5.161358180389812833e-13 7.866422625674467864e-13 1.212851508628062157e-12
1.617975413905015562e-13 4.407793518025970187e-14 4.986959062906092671e-14 3.003309877965114412e-13 4.286364543458160968e-13 1.393826562347844018e-13 3.967973325664351496e-17 1.086295191918280203e-12 2.422288558726735310e-13 4.483696963923910678e-13 4.648006238269426353e-13 8.433361864863059513e-13 1.212851508628062157e-12
1.617975413905015562e-13 3.817126249961415204e-14 5.248800562349962828e-14 1.169362165952013885e-13 2.146019764133352072e-13 7.292545685651956934e-12 4.297334697724434134e-10 8.539346806991523681e-14 3.448710854017981600e-13 3.551174278812215684e-13 4.146560797327437411e-13 4.570452545732152780e-13 1.212851508628062157e-12
1.617975413905015562e-13 3.828495630971286199e-14 4.984928465105394783e-14 9.005578041286303094e-12 7.341277975365411669e-14 1.360102181957009079e-13 2.219879864418965405e-15 7.099032002818221500e-14 2.353436144392781952e-13 2.539733579639865342e-13 4.182050397123517554e-13 3.767323058472692864e-13 1.212851508628062157e-12
1.617975413905015562e-13 4.522314365008575470e-14 4.345053050339246432e-14 5.119841663776590175e-14 1.093782490549336258e-13 1.168414096767340362e-13 4.844213236273138858e-17 1.645906154051693411e-13 2.574935155786056450e-13 2.369971160628345145e-13 4.378735788705112964e-13 3.229614761573967902e-13 1.212851508628062157e-12
1.617975413905015562e-13 5.286373301087298176e-14 6.067832690952024617e-14 3.766308917651716940e-14 1.320615858806724560e-13 9.593246958042227557e-14 2.058361845675259656e-15 6.244729426211970665e-14 5.365868752032370770e-13 1.902684058176299018e-13 2.991646907822684624e-13 2.906151909367082798e-13 1.212851508628062157e-12
1.617975413905015562e-13 5.289177176073437790e-14 5.345070310820583686e-14 6.840420421330924264e-14 1.535305262636089123e-13 2.398619551985952482e-13 2.115946296811325489e-15 5.976730643063253378e-13 6.284450196281423551e-13 3.162291656376565899e-13 1.820665851543950519e-13 3.793600592997294371e-13 1.212851508628062157e-12
1.617975413905015562e-13 4.284197783080944942e-14 8.003027987992990586e-14 1.433746692963562813e-12 8.422479842750524527e-14 3.378518870249476583e-13 2.126851702841896978e-15 3.577459889660963731e-13 5.852272926104665917e-13 3.322064535656746425e-13 2.017544231927187608e-13 5.583738594229508070e-13 1.212851508628062157e-12
1.617975413905015562e-13 4.167711818595592844e-14 5.706498872872599735e-14 9.163935816358923203e-14 1.753400987834327931e-13 1.437383714716688504e-11 3.964280703739458970e-10 3.401280586985585403e-13 7.953739387538059036e-13 2.633440875871103414e-13 1.890786727858426349e-13 5.672699456111625710e-13 1.212851508628062157e-12
1.617975413905015562e-13 4.464633749483315443e-14 6.420456821590257585e-14 1.024939169988393605e-13 2.115772044984010241e-13 4.372653598597423396e-13 2.204124229038075276e-15 4.271584853153214447e-13 5.589699357553706251e-13 1.804252189838823760e-13 4.790949582165197858e-13 5.941341555026311992e-13 1.212851508628062157e-12
1.617975413905015562e-13 5.256952182301842597e-14 7.677475250129778047e-14 8.586963430498549739e-14 4.445735404198240863e-13 9.147532222327124553e-13 3.611193623259669850e-16 1.097099873707138482e-12 5.094111235184836675e-13 1.266818472623996469e-13 3.839693317221968366e-13 9.793854691437120611e-13 1.212851508628062157e-12
1.617975413905015562e-13 6.805724861251716434e-14 1.018551776631207414e-13 1.420892684216552758e-13 2.049491774749030655e-13 1.565591921184224414e-12 3.291153143757591968e-16 1.984690216767664108e-12 3.978718169041613970e-13 8.041531270752635254e-14 5.888871950075229657e-13 1.031348787336987611e-12 1.212851508628062157e-12
1.617975413905015562e-13 8.382667654371250862e-14 3.223453083206992930e-13 3.817339520370124706e-13 1.206562539029851218e-13 8.907891834807923302e-13 3.442913009159333293e-13 4.697093054233954940e-12 1.730173790537470271e-12 8.916466058751164373e-13 1.677874452410145753e-12 1.208419521010085170e-12 1.212851508628062157e-12
1.617975413905015562e-13 1.482320153420530041e-13 3.335433669928974664e-13 1.553985486826801750e-12 3.743799084775121296e-13 5.525318916501423918e-13 3.953304343194279412e-10 6.032972124317454730e-12 3.559678222064799497e-12 3.613562631268035110e-12 1.978849465556409631e-12 1.529063067791430859e-12 1.212851508628062157e-12
1.617975413905015562e-13 1.980624327363250990e-13 5.065553887114736370e-13 1.076967201550095880e-12 1.080369974016151819e-12 9.624389929653790733e-12 5.814030811788794330e-08 9.291029370089054438e-12 8.405809041687032715e-12 6.319890154382083937e-12 3.568928958802179572e-12 1.595989152275606442e-12 1.212851508628062157e-12
1.617975413905015562e-13 3.370036981014148533e-13 3.182109870969228026e-12 1.627720241286560366e-11 1.605732956806735522e-11 1.865311750324793251e-11 5.972025583535678995e-07 2.318742939583761942e-11 1.431956836733956841e-11 7.555735601976914568e-12 5.157106514225267356e-12 1.654840584889148366e-12 1.212851508628062157e-12
1.617975413905015562e-13 1.070995152017491300e-12 9.925284856003866177e-12 2.372227496004007239e-11 4.314211962997933379e-11 9.716630431529715581e-11 4.699862402373605735e-11 3.624521894151819857e-11 1.786243226680761892e-11 9.398936304477657317e-12 5.426072664467552529e-12 1.898113256101650669e-12 1.212851508628062157e-12
1.617975413905015562e-13 1.300739842874295106e-12 1.562602011422721750e-11 3.419590177007534058e-11 3.919682536876180253e-11 2.240362707749700205e-10 1.002547458491207956e-09 7.451615369440448931e-11 1.833293957552096323e-11 8.253995791470748618e-12 5.612881826453131016e-12 2.086735291946816908e-12 1.212851508628062157e-12
