5.606153647157015433e-15 4.154544231369213675e-13 2.657233192594297825e-12 1.267608713912359108e-11 8.508207419957335613e-12 5.072618112698969298e-11 5.376197401923418618e-08 2.400510300601259178e-11 6.813599291441871007e-12 7.063385016320001459e-12 4.324264617650859562e-12 4.656625830482454280e-12 1.179256420556639156e-11
5.606153647157015433e-15 4.767883296755994096e-13 6.701942796825260228e-12 1.267515111244986551e-11 2.024537765465292666e-11 1.423572768124543399e-11 5.624117085609439331e-09 8.605497247879362621e-12 5.458417416607731465e-12 7.055746606404713027e-12 5.431009921557635229e-12 5.698698422162707735e-12 1.179256420556639156e-11
5.606153647157015433e-15 4.435154624338863055e-13 1.231706771571313223e-11 1.438017232334685353e-11 1.869966663893657938e-11 1.019089390166090419e-11 3.523571772446249005e-12 4.543997533325833187e-12 4.215278754936640829e-12 6.149801012790610690e-12 4.672785599052950707e-12 5.338808540377138049e-12 1.179256420556639156e-11
5.606153647157015433e-15 3.046185011963347612e-13 1.105068935876288693e-11 1.227435853884702907e-11 1.130752299490716123e-11 1.005959608229107428e-11 9.601350764372052013e-12 2.696311741202299309e-12 5.029644274668527572e-12 6.912909053141396224e-12 4.537827011247268237e-12 3.802153030330438745e-12 1.179256420556639156e-11
5.606153647157015433e-15 3.258484599881273223e-13 4.861538863124563421e-12 3.975271482990687832e-12 4.179904104966076485e-12 5.419565658944429588e-12 3.883727703430427393e-12 1.529757696936760988e-12 2.288231928076730737e-12 4.634103128118445465e-12 4.758123849298339326e-12 5.418550154777201343e-12 1.179256420556639156e-11
5.606153647157015433e-15 2.406861755552189051e-13 1.632293867451311410e-12 1.248086305669977031e-12 2.482364263249939920e-14 2.325721410708931936e-14 6.285186489591847471e-12 2.634933953764920050e-12 4.588440880354564960e-12 2.932028600195257415e-12 5.937439875250149960e-12 7.084031662286575494e-12 1.179256420556639156e-11
5.606153647157015433e-15 1.340786698056298932e-13 2.030683086136909851e-13 2.719850003594661701e-14 5.019819827133150511e-16 5.372750680808522141e-16 8.642486436838999874e-09 4.132517242090096169e-12 3.811589321082551715e-12 3.757836562317224291e-12 4.359334021204630460e-12 7.617476885982199298e-12 1.179256420556639156e-11
5.606153647157015433e-15 1.640803141394580874e-14 4.377367394119561068e-15 9.965711767893806123e-16 7.063492493967251966e-16 4.427672139116792149e-16 1.476591058287851520e-18 3.038997091435546540e-13 3.308334701416893127e-12 4.065233329527184470e-12 3.778954991438188539e-12 8.412567076788258963e-12 1.179256420556639156e-11
5.606153647157015433e-15 3.687959413651398288e-15 3.394004935464199508e-15 2.282377042601308242e-15 1.199890422617561950e-15 1.458410430665869491e-15 1.461837584646161784e-18 7.558857750748477277e-16 1.220915554878606510e-12 5.462916356249947925e-12 2.959318011148324295e-12 6.358106064724674394e-12 1.179256420556639156e-11
5.606153647157015433e-15 3.389155177451947833e-15 2.656704064357852646e-15 2.394618869039523248e-15 9.159864592917237673e-16 1.387643467675409503e-15 3.832125972393575413e-16 6.201923944003698346e-15 3.795222914591443155e-16 1.050529292334753308e-12 2.566043660130956678e-12 5.419118948366508359e-12 1.179256420556639156e-11
5.606153647157015433e-15 3.248877530152895937e-15 2.514577779791715413e-15 1.908950541303448174e-15 6.228144000760121261e-16 3.329252186951633807e-15 8.837884244694710805e-15 8.024987892253388328e-16 5.865366886028926919e-16 1.749543511493856502e-13 1.157355890991493698e-12 4.696997337895617260e-12 1.179256420556639156e-11
5.606153647157015433e-15 2.809708943364482934e-15 1.598214596418489400e-15 1.265464599020352313e-15 6.659982426991115451e-16 1.622785447131884684e-15 4.561036552980368650e-16 1.507913882070604248e-15 6.453100027984743267e-16 3.066393792850390936e-16 4.064676789420796653e-13 2.469165592668108899e-12 1.179256420556639156e-11
5.606153647157015433e-15 2.433880286338011798e-15 1.554029023398939255e-15 1.087348272058967711e-15 2.559208537032600598e-15 2.238620443070518009e-15 4.047580568190098620e-13 1.546741111512578625e-15 7.912864266421756298e-16 6.656584474637108569e-16 9.504901292725877357e-14 1.752412768444497103e-12 1.179256420556639156e-11
5.606153647157015433e-15 3.101900992568165071e-15 8.501052210241042518e-16 1.086336913592797358e-15 2.806555606608623065e-15 2.641518441921373545e-15 6.485731004871739532e-18 2.146967111042975471e-15 1.129263610871986604e-15 1.052609110742036412e-15 3.744504246937079537e-15 2.046092013070120272e-12 1.179256420556639156e-11
5.606153647157015433e-15 3.762307959720882636e-15 1.509285104294537481e-15 1.560116790106176322e-15 2.146136776001533063e-15 2.603370829841945985e-15 3.666001351818999789e-18 1.285108173642414582e-15 2.058949990332350315e-15 8.790997653042202336e-16 4.796951157891138700e-15 1.045076817008819149e-12 1.179256420556639156e-11
5.606153647157015433e-15 6.102839498314045364e-15 2.720537380427478898e-15 2.135324849274136412e-15 7.052677881638631574e-16 1.263466709571081337e-15 1.788900301473831476e-15 2.242889867819820058e-15 1.702217076998748721e-15 1.551659198408230154e-15 4.849104711272621757e-15 7.696638560970748618e-13 1.179256420556639156e-11
5.606153647157015433e-15 8.054047553195629417e-15 4.543394969158721406e-15 1.322010146545099387e-15 1.585689869652896035e-15 2.570475171926572661e-15 4.253374235329094187e-17 1.790678652448417950e-15 1.017762683533395465e-15 2.995381115770694197e-15 1.088370031121054145e-14 7.348418058583480742e-12 1.179256420556639156e-11
5.606153647157015433e-15 9.041093743998324606e-15 7.371485128652938247e-15 1.862353623456615448e-15 3.813344384984309315e-15 5.707682893733467210e-15 2.063633569706817987e-15 3.606131607279406085e-16 6.766213396847190122e-16 4.368149698340440030e-15 5.148281342864919111e-14 4.957787577159969554e-12 1.179256420556639156e-11
5.606153647157015433e-15 7.451713137161441781e-15 5.575654819902180962e-15 1.980010533808988361e-15 7.055803379556018407e-16 1.242682213829505648e-15 3.583979354467619467e-18 9.547966736554653361e-17 8.535326321095212539e-16 2.105152188664750031e-14 2.280455356491277542e-12 6.932611178340817456e-12 1.179256420556639156e-11
5.606153647157015433e-15 7.896139518210594310e-15 2.401065261001493876e-15 5.470871626246333172e-16 1.501786921870689325e-16 4.546049160145249544e-16 5.995139879134938928e-13 1.459550341843041084e-16 2.373711805006003173e-16 5.021254935595924801e-13 3.432713173152149230e-12 1.010170229785308319e-11 1.179256420556639156e-11
5.606153647157015433e-15 7.135629774618958479e-15 3.081907730631431518e-15 5.672795128826275247e-16 2.231630880180936663e-16 8.179972007778276904e-16 3.846822168837985423e-18 7.807645284229932061e-17 1.724901503206818346e-16 6.538002940386057683e-12 8.812940109394331278e-12 1.356524430955326169e-11 1.179256420556639156e-11
5.606153647157015433e-15 6.656945511056898257e-14 5.218825440084740853e-14 1.548618342986549576e-14 3.955279741120848183e-15 2.425054035797823051e-15 4.725352703698422462e-12 3.862303324094632779e-16 7.860389953219404477e-12 9.017536258310642640e-12 8.497139213055680216e-12 1.097282371747256214e-11 1.179256420556639156e-11
5.606153647157015433e-15 2.104270635758044158e-13 4.083589198553093101e-13 5.490109253018915694e-13 2.005606394849755960e-14 1.381710212070462938e-13 4.355946777885820047e-18 6.577213386517996802e-12 1.180492167019158689e-11 1.220462577178547542e-11 6.949765582529065439e-12 1.107213718798724665e-11 1.179256420556639156e-11
5.606153647157015433e-15 2.844095536276936135e-13 9.980031970938000926e-13 7.222296217893810380e-12 1.043899109872958382e-11 1.618344540595709410e-11 1.356546194908117131e-09 1.231741683374564816e-11 1.316872473757772505e-11 1.110202676817660354e-11 5.318728923933331700e-12 1.056182389428598310e-11 1.179256420556639156e-11
