1.361648378792506551e-14 1.247817903548531170e-14 1.557469588926442008e-13 5.777445424038056771e-13 2.458302437149378343e-12 1.290870611115804123e-11 1.407691455834697135e-08 3.427533996466671683e-11 3.932309977174322009e-12 1.266810128230358399e-12 3.312734822756667519e-13 1.712740387691571074e-14 9.775285039801254814e-15
1.361648378792506551e-14 1.418824260968965571e-14 7.810286011192088970e-14 5.995463410490696233e-14 1.052469391881504525e-12 4.958501856490974501e-12 9.088625418531151132e-09 1.221239565704288297e-11 4.764978091023624483e-12 1.417818385115070262e-12 2.642166830151584550e-13 1.411806882303905793e-14 9.775285039801254814e-15
1.361648378792506551e-14 1.289858314922251612e-14 3.528677444717712640e-14 5.162285950987391137e-14 2.782356755849587449e-12 4.300217717280855564e-13 1.041684784257458348e-07 2.107558576324232901e-12 1.719052908524143356e-12 8.256831615034936174e-13 2.586374261444395917e-14 1.421980082033864487e-14 9.775285039801254814e-15
1.361648378792506551e-14 9.332822080510894408e-15 1.088109313639096501e-14 1.352891722296021642e-13 7.511339649185992865e-13 3.068907314467341711e-13 4.546240390111565858e-16 1.138795882358338616e-12 1.217769466031174120e-12 1.775646116074886684e-13 1.157462182793162168e-14 8.186081620456008534e-15 9.775285039801254814e-15
1.361648378792506551e-14 7.159863596920691409e-15 2.142163923462173023e-15 1.887286533123758711e-13 5.092992604924571286e-13 1.170162996899747712e-12 7.728943880706266096e-20 2.324133483087085244e-12 2.696361430867955700e-13 9.839151536489376752e-14 4.333416323859773337e-15 5.101655584055676067e-15 9.775285039801254814e-15
1.361648378792506551e-14 4.963551100992598199e-15 1.049238882943500628e-15 6.110304109800815580e-14 1.959639511340850552e-13 2.587587863826968512e-13 1.823322774434398990e-17 2.356787479498173490e-13 1.440086721400044042e-13 3.378431741227678467e-14 1.960792468133124387e-15 3.156900360797012221e-15 9.775285039801254814e-15
1.361648378792506551e-14 4.767720354214746585e-15 1.673199982931803187e-15 1.010863424117715754e-14 9.179666776893712941e-14 1.459456330537478963e-16 2.450327754352746165e-16 5.327428898588930378e-17 2.243902219602189112e-16 2.616637002515357152e-15 1.648754748282851119e-15 3.141590680940309687e-15 9.775285039801254814e-15
1.361648378792506551e-14 5.102351386476069508e-15 2.096061024999187668e-15 2.057286529861482120e-15 2.626387048442091422e-15 1.698577931106163698e-16 1.997892464114027340e-19 1.304401410443061260e-16 5.706284623706327641e-18 1.875034317028628228e-17 2.100921140409551654e-16 2.661710707632222442e-15 9.775285039801254814e-15
1.361648378792506551e-14 5.099102928698705140e-15 6.751391465780935785e-16 1.051173297736131488e-16 4.151600393479370475e-17 1.049295250751402933e-16 6.563995751844931873e-20 1.778383622036256438e-16 5.285759176737362491e-18 1.209069667521950020e-17 1.498093048393274876e-16 2.470974237186716141e-15 9.775285039801254814e-15
1.361648378792506551e-14 4.883783500366132446e-15 1.896741700659319563e-16 4.304490961753938628e-17 1.835298627580427834e-17 6.184671416268725453e-17 6.667041906325046504e-20 3.817881065393063388e-16 2.733050325928443665e-17 8.944025137383124608e-18 1.378691331044851478e-16 2.725652739647495459e-15 9.775285039801254814e-15
1.361648378792506551e-14 2.857932699514031493e-15 8.270944760387312937e-17 2.206804030304311278e-17 1.720077402085915459e-17 4.037141712284716112e-17 6.949449923130162819e-20 5.305876611967198774e-16 4.987334342515290870e-17 2.334053042722507748e-17 1.297239127701126805e-16 4.703010957200107525e-15 9.775285039801254814e-15
1.361648378792506551e-14 2.261670646298694421e-15 2.925297291333223958e-17 2.471226280078884948e-17 1.728945443960675526e-17 2.586066618832909134e-17 6.946890635729106257e-20 1.724778277954670296e-16 8.251258871428301449e-17 1.049229818010693414e-16 4.879022036545376716e-16 9.257440601360213826e-15 9.775285039801254814e-15
1.361648378792506551e-14 1.548770211557515219e-15 4.259835292230757580e-17 3.553818087088854329e-17 1.139600606638106305e-17 2.331193685752952535e-17 6.952086043713531413e-20 1.433487096977256468e-16 1.950644776937522658e-16 5.946840072572161248e-16 1.540063818655065841e-15 1.557852567727561081e-14 9.775285039801254814e-15
1.361648378792506551e-14 1.474886392126018843e-15 2.225532610113551222e-16 1.384372591059760106e-16 2.404124642050871221e-17 1.676833315305233192e-17 6.991192647360678798e-20 7.387152499514982613e-17 3.909188321042322438e-16 1.943857485442171186e-15 4.314797902440843918e-15 2.257198075875071754e-14 9.775285039801254814e-15
1.361648378792506551e-14 1.881139129052513163e-15 4.437964996447491844e-16 3.081821314549838016e-16 3.997908793355305018e-17 9.852715585942378237e-18 7.187060401309916597e-20 2.364476150945114708e-17 4.397083290152701137e-16 4.719541247660214041e-15 7.049628063897903418e-15 2.978225425538356858e-14 9.775285039801254814e-15
1.361648378792506551e-14 1.901173924597799435e-15 6.489827407065430194e-16 1.106928206437554590e-15 4.918122505513732205e-17 7.067524455585009361e-18 6.902335085409857645e-20 1.872012139164671040e-17 1.501439694337191626e-15 1.130377311437172879e-14 1.014422376749427159e-14 3.280095507713937078e-14 9.775285039801254814e-15
1.361648378792506551e-14 2.931524438178595058e-15 7.563747051401974872e-16 4.883431322829118206e-15 3.020364845297748697e-16 8.180072930588156097e-18 4.570145355161417202e-12 1.098232167765263296e-17 1.337144155644670377e-14 9.320682627817919372e-15 1.057764659293018601e-14 2.758304740994192690e-14 9.775285039801254814e-15
1.361648378792506551e-14 4.420641021968802559e-15 1.827683401361416080e-15 7.610606606774527468e-15 1.958853353015610588e-15 1.706099125817626325e-17 7.198620686118396386e-20 5.383670664306951801e-17 1.526777316288078534e-14 4.407234834272781026e-15 1.317897014224882435e-14 2.722278617556241428e-14 9.775285039801254814e-15
1.361648378792506551e-14 5.642520868914431026e-15 3.527821686973563431e-15 6.986887138273289919e-15 5.148191609801055835e-15 1.354020291535443064e-16 6.557704726275272190e-20 2.324239333074668010e-16 8.210502476761292058e-15 1.423430475233549816e-15 1.699000108310929701e-14 3.104313868895390815e-14 9.775285039801254814e-15
1.361648378792506551e-14 4.273141272500549856e-15 6.176169003448928786e-15 9.839854865920732269e-15 2.708597242604905857e-15 1.181854149206420383e-16 6.557663853049935229e-13 5.268229966571545717e-17 3.420413534844972318e-15 9.971968602485339079e-15 3.892766410306655361e-14 3.449989881547202734e-14 9.775285039801254814e-15
1.361648378792506551e-14 3.492874904801842677e-15 7.002002129497577049e-15 3.019861973907622423e-14 8.818699303292840737e-15 1.185279916922416180e-15 9.694769147952039794e-20 1.109494022793508790e-15 2.383808297197290846e-14 3.727178958254821460e-14 6.020826548309067467e-14 3.337498871517906772e-14 9.775285039801254814e-15
1.361648378792506551e-14 6.893841039203793842e-15 8.421410380888093729e-15 2.570491000616020201e-14 6.428009842355693880e-14 1.311054124578905182e-15 1.687541421101790165e-19 1.082938027220075865e-14 1.234833634740982617e-13 5.290927480212932166e-14 7.658292358177655987e-14 3.546648685698220072e-14 9.775285039801254814e-15
1.361648378792506551e-14 1.020108635666005141e-14 1.863041053240573748e-14 6.207940494360386574e-14 1.412825832761916640e-13 1.150263343103872886e-12 1.446067909666014141e-10 2.404027098857471469e-12 3.225894779452199814e-13 2.174606644954483915e-13 9.901132402606337170e-14 2.588096541276757393e-14 9.775285039801254814e-15
1.361648378792506551e-14 1.282320662340035592e-14 3.611344992583818360e-14 3.125943102678470680e-12 9.522181393673411396e-12 2.799858986479997900e-11 3.760827420364645671e-07 1.540495571371580260e-11 5.760471981645829069e-12 7.315453771407391882e-13 7.868727508744195782e-14 1.914250315663136038e-14 9.775285039801254814e-15
