2.175229101355066423e-15 2.626973673314663260e-15 2.639981071939223363e-13 3.864336197454452435e-13 5.108872266071044640e-13 3.784169746603465721e-13 4.089985374931510408e-06 2.090433611389198497e-13 3.040885201991264999e-13 3.978981954840754487e-14 2.727983388082016278e-14 1.035469608648476316e-14 3.899176129788355810e-17
2.175229101355066423e-15 2.415724122640581900e-15 3.611913200646565680e-13 2.293381832942845637e-13 8.996736934884775942e-13 1.626861295925994866e-12 1.075006842776278805e-10 9.010996153748086090e-13 1.150349714995115068e-13 4.123727354400671742e-14 4.413681762749968527e-14 8.406087317650309732e-15 3.899176129788355810e-17
2.175229101355066423e-15 2.479025468033032526e-15 2.446262559625684175e-13 2.520205976893645756e-13 1.273905083137131797e-13 3.801256767743984649e-12 4.972906883410785671e-12 5.214425013499627752e-13 8.372747828068214991e-14 4.562309044000725545e-14 4.422255854488018065e-14 5.759660219848555821e-16 3.899176129788355810e-17
2.175229101355066423e-15 3.084931591503676494e-15 8.998649362082067126e-15 1.231401118924264825e-14 1.421200997499917838e-14 3.163483220190625767e-16 7.971061912850909825e-13 1.408847636638540115e-16 2.410466665159699771e-16 4.038752148160575962e-15 4.928844109102135761e-15 2.969166976456948230e-17 3.899176129788355810e-17
2.175229101355066423e-15 5.709330142418610458e-15 4.290328135830597916e-17 2.768626583300090350e-15 5.025769962102809346e-15 1.255652649835905363e-16 2.808055310692011153e-12 3.905379733205579298e-16 3.594298821974932175e-16 1.560005426832868533e-15 1.965191953151044867e-15 5.113253423279897607e-17 3.899176129788355810e-17
2.175229101355066423e-15 1.587832645601749927e-15 4.632551592373425313e-17 2.231639083933562290e-16 2.020680960514679040e-15 1.224845594577125174e-15 3.096365123409537140e-13 1.270037361649110475e-15 1.997216010327324884e-15 8.898843344446143369e-15 9.768045512089291260e-16 4.502022116109908558e-17 3.899176129788355810e-17
2.175229101355066423e-15 4.160812575222047176e-15 5.739772667553831568e-17 3.883112649804077760e-17 4.939046017437196009e-16 5.928965214754885153e-14 3.385650710522433677e-14 2.265395353381216634e-13 1.275808680053464061e-14 9.400328497359440096e-15 2.287116208280293747e-15 3.225193179250501008e-17 3.899176129788355810e-17
2.175229101355066423e-15 1.150352982037919500e-15 2.110204388380756251e-16 6.598787863630754283e-17 1.029584399398493693e-13 1.758358327896832685e-13 2.574852568766990471e-12 2.218273500235341479e-14 1.086938579818014568e-14 1.378443996776342433e-14 2.108449133448453317e-15 3.796151101472762501e-17 3.899176129788355810e-17
2.175229101355066423e-15 1.094842988480928333e-15 2.538876643686553360e-16 1.174806945944056234e-16 1.144045157516412345e-13 9.647828649084908603e-14 2.985113633802860080e-13 3.801211291635977534e-13 1.428686318448607350e-14 9.265963519766773819e-15 2.479761209975227467e-16 2.342541198181073384e-17 3.899176129788355810e-17
2.175229101355066423e-15 8.849222851323792151e-16 3.044159419802547676e-16 2.391732654972003948e-16 4.696196901193961327e-14 6.188161961540415237e-14 9.708880800672385234e-14 7.992311668673409764e-14 3.199799575518791422e-14 7.714853868564569384e-15 3.592569147678774395e-16 3.994029001352630085e-17 3.899176129788355810e-17
2.175229101355066423e-15 1.009225774892283217e-15 6.404435951618892987e-16 1.211327937843731427e-15 1.928132720810671823e-14 1.192785777177122857e-13 6.161106366031969994e-14 1.905770029018181571e-12 3.572019790347695541e-14 8.136348934942909310e-15 2.043462760246742698e-16 1.607630708998053293e-16 3.899176129788355810e-17
2.175229101355066423e-15 2.728451355635390130e-15 8.720902107839422575e-16 1.689546974068759921e-15 5.170602451800383873e-14 5.875920899297093765e-13 8.692708670959769753e-14 6.085302516989755891e-14 3.175328143439374192e-14 2.496798376627268745e-15 1.091362330014101306e-15 1.247377010143741761e-16 3.899176129788355810e-17
2.175229101355066423e-15 2.703774235573338761e-15 2.831972328849494214e-15 1.248618563776119999e-15 9.472113478597163296e-15 1.295118387289749072e-13 1.806247994650139953e-14 9.838627568341162714e-16 2.382876997407322971e-15 1.591424529586259520e-15 7.662814959587544532e-16 1.965828501066339879e-16 3.899176129788355810e-17
2.175229101355066423e-15 2.110397647618064637e-15 2.957984523674518406e-15 5.901860975266234088e-16 9.253875784684088792e-16 5.002621774549088390e-15 1.527928121278432849e-18 1.098653695819549704e-15 1.752189588282095294e-15 1.165663051250438149e-15 2.989373022082644212e-16 2.957227762123359290e-16 3.899176129788355810e-17
2.175229101355066423e-15 2.852748913154931905e-15 1.644306719050786835e-15 1.913789207807566639e-15 6.578055769857439833e-16 1.117056491963244734e-16 1.610307895393827432e-18 8.272291666852137587e-16 1.521122796289332648e-15 9.284283137219720573e-16 3.057459912422211613e-16 3.260979246849080423e-16 3.899176129788355810e-17
2.175229101355066423e-15 2.163000337953073763e-15 1.028810083959416767e-15 3.512674790893535123e-15 2.850481533867071735e-15 1.936280126956454579e-16 2.163296538986629959e-18 1.284783308660779575e-15 1.091847543508598338e-15 8.771567913509243245e-16 1.576234219437475620e-16 3.027541380624735371e-16 3.899176129788355810e-17
2.175229101355066423e-15 1.686150621577487600e-15 3.859358024619954251e-16 3.005197748843626561e-15 2.016787411887829987e-15 1.620697121698748075e-15 3.794657131258413832e-17 2.147230096204186625e-16 2.729389936318549424e-15 3.036917282474745948e-16 5.090305962722210544e-17 3.279209761508666934e-16 3.899176129788355810e-17
2.175229101355066423e-15 1.440637152874365377e-15 3.666367738979924918e-16 1.218633997285586140e-15 2.961910297868875687e-15 1.024517712234275861e-14 4.694217185115695619e-15 3.064117693689802815e-15 5.539920310299557546e-15 2.208214705092017650e-16 1.697092613112466780e-16 3.459569528045549986e-16 3.899176129788355810e-17
2.175229101355066423e-15 7.980755591213018933e-16 4.026438372975857567e-16 4.528723081283560897e-16 2.949712224975256150e-15 7.039648458143216408e-13 7.090872634425768475e-13 3.602663956065164140e-14 3.558983563876526632e-15 4.534996795328063305e-16 2.015515918455374263e-16 2.695176364557615688e-16 3.899176129788355810e-17
2.175229101355066423e-15 1.237001322249831837e-15 5.949235906610680577e-16 4.089195505732558804e-16 2.005454829449209226e-15 1.024451569017649683e-14 7.191040493568055056e-15 8.039261554568028562e-15 5.419674210855079466e-15 2.920820005985146063e-15 1.474548144820366223e-16 2.407001437767163722e-16 3.899176129788355810e-17
2.175229101355066423e-15 1.557824208966271710e-15 2.767491733318071650e-15 4.463212514779725958e-14 6.949671747642523402e-14 9.224750746033543201e-15 1.415261081469813575e-15 6.879444660889045027e-15 7.125000847425081739e-15 2.772940231172876430e-15 4.511407848947932961e-16 1.640412806443426380e-16 3.899176129788355810e-17
2.175229101355066423e-15 1.262170405831727097e-15 5.433453990349489400e-14 1.687447775050986892e-13 2.171578581030920034e-13 1.881695851180615417e-13 1.400640910360702518e-14 2.020274585659710854e-13 9.250560793556216553e-14 3.241986152276784345e-14 2.094392567884247945e-14 6.802968830552708093e-16 3.899176129788355810e-17
2.175229101355066423e-15 1.953635386579985025e-15 1.654212958422601407e-13 1.780813701535888229e-13 1.986372483666090985e-13 3.141961680991746311e-13 2.990277672153623772e-16 9.923456299564585626e-14 9.086184304979622614e-14 3.131954072493429338e-14 2.485486257501310976e-14 5.150201000068554938e-15 3.899176129788355810e-17
2.175229101355066423e-15 2.088637229377547784e-15 2.402358884060947165e-13 2.562401620433985936e-13 2.824640912085362177e-13 6.007087976496579346e-14 1.316887524418289645e-07 1.116882577553126943e-12 2.245782127353512024e-13 3.769808503760668801e-14 2.543158706726943221e-14 8.527779591994849344e-15 3.899176129788355810e-17
