2.719695734093746675e-04 3.790105212032436415e-04 3.189331638256890484e-04 5.265665784876917901e-04 9.048479651344600548e-04 1.795232728707693483e-03 2.067263995655991421e-03 4.498341889272113731e-03 1.007567914041433525e-02 1.113365708512158332e-02 1.634484642131426094e-02 2.353356535222582077e-02 2.568985441193543523e-02
2.719695734093746675e-04 3.591544758453407075e-04 3.125193404687187366e-04 5.378831038538911579e-04 1.116141021762473732e-03 1.664744140824423206e-03 1.791557702100641776e-03 6.960189309536617130e-03 9.468412163090991068e-03 2.167016230578053260e-02 1.664837543393918318e-02 7.616155548828718036e-02 2.189095255497221920e-02
2.719695734093746675e-04 3.466978965165370919e-04 3.098719796276105053e-04 4.462713009319672084e-04 1.173993285279891852e-03 1.766666348764286618e-03 2.050681829078032301e-03 7.337809706011421025e-03 1.000134766304521319e-02 3.039161219233680461e-02 5.042006025532146628e-03 1.374695865566667903e-02 1.488422739548349583e-01
2.719695734093746675e-04 3.516857153290109416e-04 3.232476774450726716e-04 5.603952198238218961e-04 1.214467791480730889e-03 2.964414888530211064e-03 3.575222609961302249e-03 6.524389805673892415e-03 1.182298852223872924e-02 2.313274505597659805e-02 5.580600830019709878e-03 2.891732629357738824e-02 4.541031033279512019e-02
2.719695734093746675e-04 3.504590486629185976e-04 3.236430697397756182e-04 6.672521220291774673e-04 1.655633595894337234e-03 2.999904757864603391e-03 3.869483684177215700e-03 6.597553985048688376e-03 1.347836670035944609e-02 1.189799881785241764e-02 4.855940981372907847e-03 1.659985371012004038e-02 2.608670880614687854e-02
2.719695734093746675e-04 3.594591858384811210e-04 3.251820854811351687e-04 8.461922074940053272e-04 1.606855740963906033e-03 2.422225186295715038e-03 4.109333636166025844e-03 9.287386862140445745e-03 9.347821509179171998e-03 4.198047058980313578e-03 4.172231403090366844e-03 1.865856795329134607e-02 3.432018665344180319e-02
2.719695734093746675e-04 3.604983619916414181e-04 5.135166146528938975e-04 9.619462244414789471e-04 2.973230646021266747e-03 2.824882413391892246e-03 3.893153691522829776e-03 6.093741122652136452e-03 6.078226505850945274e-03 3.134669230155262987e-03 4.069447802257764035e-03 1.096551573319222775e-02 4.113119948076404686e-02
2.719695734093746675e-04 3.956869241541836999e-04 5.133019777442546705e-04 1.671516534195132417e-03 3.028938513243241426e-03 3.005884558486376402e-03 3.854542804566994923e-03 3.200359413146257499e-03 2.715110220961053453e-03 3.294393117427995340e-03 3.730995994284969867e-03 7.885289061815117448e-03 2.955241987120962519e-02
2.719695734093746675e-04 3.895001489621275530e-04 4.007104660460706898e-04 1.708331577428739805e-03 2.436767591861327582e-03 3.800135085080702524e-03 4.435806927421514188e-03 2.404897384177729150e-03 2.035857412848886012e-03 1.503446454688323530e-03 2.593025778444093144e-03 4.479864434683986790e-03 2.314341609036201300e-02
2.719695734093746675e-04 3.839259796378365302e-04 4.822867333871942459e-04 1.721241265000804160e-03 2.577002651349856108e-03 4.025447048255017743e-03 4.771723006864635012e-03 1.868375033667212491e-03 1.748492472327001007e-03 1.360799227640238683e-03 2.318070462162730161e-03 1.407451848505823083e-02 1.285162977951042479e-02
2.719695734093746675e-04 3.830396527061978498e-04 4.297453594894771805e-04 1.600881067942262021e-03 2.262632895217853504e-03 2.913663194568075990e-03 5.727788828949385846e-03 2.673008802978060934e-03 2.543793623372053118e-03 2.386013573197034304e-03 6.797870236261660537e-03 1.472744644600208590e-02 6.098857084698021229e-03
2.719695734093746675e-04 3.938998434644901104e-04 4.215279793442849670e-04 1.605033261224594106e-03 2.001664142197628893e-03 3.016081498815822298e-03 2.928701817189952993e-03 2.945380478150548282e-03 2.534593687204682831e-03 3.010840856888152752e-03 2.336975945840025042e-03 5.020010285026685511e-03 3.363554989482415297e-02
2.719695734093746675e-04 3.946193200865311438e-04 4.235925410723819732e-04 1.565307656090694517e-03 1.857739379627111609e-03 2.478974382502795171e-03 3.337112348362122286e-03 2.942213924049533018e-03 2.161759069138142336e-03 1.351813421226052189e-03 1.269001727278449773e-03 1.347561818554173169e-03 4.654184198303382841e-03
2.719695734093746675e-04 3.833667219488190881e-04 4.530321000926290317e-04 8.041447106076272293e-04 1.734473445223093250e-03 1.827619575630661571e-03 3.455300787863910955e-03 2.558580273339766155e-03 2.442994183345182767e-03 1.426701433660089663e-03 1.273694134829179416e-03 5.635371920375161197e-04 2.111324686183711774e-03
2.719695734093746675e-04 3.747765362079035498e-04 4.428102000075541628e-04 6.091542375697157332e-04 1.373405008196487177e-03 2.170888324388718735e-03 3.139280748719973542e-03 2.670008979025399569e-03 2.749722066229136341e-03 1.841138951447218296e-03 1.255105694050673770e-03 5.349813780040641592e-04 2.629246861529005701e-03
2.719695734093746675e-04 3.638315473241582787e-04 4.351049892453514472e-04 5.057682487066901978e-04 1.139896905809287871e-03 1.658393316282142814e-03 2.382100239213259720e-03 2.408924434900075375e-03 2.591216544869730850e-03 1.928062629203481987e-03 1.594154539584070104e-03 1.291168813689993946e-03 2.451317574327589559e-03
2.719695734093746675e-04 3.615534714071760706e-04 3.815868297888469571e-04 5.706067455481202881e-04 7.697713713186414564e-04 1.000774436229597214e-03 1.464363725842616690e-03 2.421288277361525413e-03 2.028487897458864861e-03 1.570005606286991066e-03 1.787790303778903763e-03 2.667399179206799992e-03 1.968484569584920841e-03
2.719695734093746675e-04 3.661859860961813725e-04 3.786125140984810842e-04 4.569840242948038133e-04 6.560463163577595147e-04 8.323542611031559081e-04 7.814744173889687576e-04 1.887859403979892268e-03 1.592036534073993813e-03 1.754772212924735498e-03 1.291142340805520854e-03 3.006275985330705142e-03 2.647732650413546669e-03
2.719695734093746675e-04 3.654958609375758114e-04 3.431001886273987939e-04 3.477163039601155166e-04 5.530071971823860870e-04 4.843659566060126665e-04 5.505827654303003952e-04 6.066530627510622340e-04 9.481317957985318417e-04 9.873110134697364419e-04 1.379488006255398438e-03 2.484212175620200639e-03 2.250002803926310583e-03
2.719695734093746675e-04 3.388100505028384464e-04 2.747569704711139214e-04 2.813846410531294995e-04 2.954626212615254306e-04 3.897870448635079826e-04 4.015529279902837448e-04 4.823252515245586417e-04 5.288701674039685864e-04 8.401573242343708106e-04 1.185884298288656909e-03 2.775746851388521258e-03 3.431121203548239979e-03
2.719695734093746675e-04 3.360428928196144559e-04 2.677812771942296769e-04 2.180824342450429765e-04 2.754866278106282707e-04 3.442675205702490056e-04 4.081708057413638920e-04 4.820989764603907666e-04 5.493687579523543656e-04 8.123069537245954444e-04 1.327827391267416860e-03 1.307225259196753871e-03 1.849530166378251942e-03
2.719695734093746675e-04 3.364811274117354787e-04 2.723422578160417519e-04 1.951430881592185575e-04 2.703126475785776043e-04 3.801264313811404433e-04 4.071724502603044343e-04 4.550702335840513171e-04 5.466827051094232635e-04 6.543941090585408266e-04 1.020208562612454767e-03 1.667158904774914460e-03 1.205875184048543249e-03
2.719695734093746675e-04 2.724229310263229058e-04 2.349179479023508644e-04 1.983627756584088904e-04 2.526942139993821560e-04 3.743341165085890560e-04 4.106461462697391304e-04 4.247397796865892044e-04 5.011146232984736932e-04 8.620894721556157311e-04 9.471221723801841316e-04 1.362120714562638311e-03 1.387552403434355597e-03
2.719695734093746675e-04 2.525532625193916748e-04 2.230430673118558764e-04 1.767396072271945281e-04 1.759891948823413691e-04 3.606129751837978720e-04 3.758016702689994716e-04 4.204482783930233933e-04 5.721310743180793882e-04 9.554143804859987436e-04 1.133513327209159779e-03 1.068037512391441105e-03 1.467534664161941962e-03
2.719695734093746675e-04 2.496215283937558340e-04 2.162563055711489075e-04 1.725153354474544384e-04 1.904851059182877343e-04 3.453089821675513443e-04 4.018813007773955944e-04 4.125377589390965562e-04 4.889155239682068527e-04 1.040962107294601032e-03 1.169844535608452951e-03 1.341912613710708781e-03 1.345175547198807853e-03
2.719695734093746675e-04 2.350268425740026704e-04 2.411404017033556770e-04 2.322132567009144524e-04 1.918656787144120584e-04 2.840811598671181258e-04 4.856832416026201174e-04 4.789874532742605735e-04 5.560697872974742486e-04 1.021621535886426280e-03 2.082332768364267717e-03 2.123693669533189589e-03 4.420500674097099271e-03
2.719695734093746675e-04 2.374634477361337178e-04 2.430319138667947634e-04 2.227710632309683387e-04 2.544998130050744401e-04 2.066830472010038337e-04 4.834260405017131649e-04 6.557004381222358109e-04 6.747685764786820256e-04 1.617544608843122893e-03 2.118844208394179453e-03 2.334724223522635124e-03 3.710755751630640149e-03
2.719695734093746675e-04 2.314617899857101201e-04 2.295951144295634537e-04 2.391125916049259743e-04 2.607723160317553337e-04 2.919655473351720726e-04 4.438919670526725553e-04 4.916198095512587084e-04 5.038620452149796501e-04 9.881744845954200818e-04 2.491961346487383926e-03 1.957996911706929178e-03 4.166415707127607039e-03
2.719695734093746675e-04 2.261155685727335310e-04 2.262695314531135572e-04 2.938558325512787700e-04 3.102872605498442518e-04 4.039865368544735868e-04 4.237765269781792500e-04 4.899471442208726745e-04 9.233785277653731600e-04 1.134023763622038711e-03 1.048172426798745643e-03 1.834718490135172405e-03 1.334410660070845054e-03
2.719695734093746675e-04 2.115615464107753799e-04 2.219827091124697966e-04 2.978227311793919850e-04 3.145840757551395428e-04 4.068046456276597092e-04 4.262296587123840376e-04 4.888061626313045232e-04 9.018245212076131650e-04 1.035125429785285073e-03 1.046512882599136230e-03 9.912259274785844773e-04 1.303808768317103782e-03
2.719695734093746675e-04 2.058698112599960470e-04 2.081532118633668406e-04 3.087461603492890104e-04 3.219884801878331753e-04 4.713990422156961665e-04 4.668251529551690690e-04 4.672740408105543163e-04 5.797212941985706173e-04 1.036785735540045892e-03 1.119328513285980289e-03 9.847278766194783074e-04 1.506331277625073614e-03
2.719695734093746675e-04 2.239134644130855254e-04 2.001268339970852471e-04 3.473227813847733518e-04 3.556048949436529634e-04 4.096797104321208251e-04 4.755809464248005329e-04 5.128572837151464548e-04 5.788198613227498335e-04 9.584143345269638447e-04 1.015726090139614304e-03 6.761344309566960035e-04 3.008415906583916514e-04
2.719695734093746675e-04 2.350526359952851351e-04 2.114059437821453572e-04 3.372463722352979539e-04 3.646230038593424334e-04 4.078100488315856802e-04 4.739103898923166958e-04 5.609440735500503426e-04 5.548779530599183725e-04 6.395843274138669678e-04 7.515668866863766187e-04 6.551982412905134594e-04 2.850579601988309465e-04
2.719695734093746675e-04 2.394884403123317832e-04 2.048785912534751067e-04 3.895218456000358338e-04 3.754125128992453629e-04 3.608119449824701485e-04 5.141412702646069952e-04 5.825313256788881107e-04 6.581681446748778629e-04 6.800961167887181703e-04 7.584186492218535384e-04 6.515799409569565616e-04 3.424577397308790948e-04
2.719695734093746675e-04 2.432618186331590780e-04 1.762524512569044351e-04 3.521753115145468327e-04 3.772257584725019486e-04 3.395788168928642187e-04 5.334167766804377275e-04 6.526862638895961338e-04 6.936330361960066186e-04 7.531363561755499442e-04 8.262546904752948946e-04 5.660953727571421765e-04 6.914825996189791343e-04
2.719695734093746675e-04 2.404849568296033523e-04 1.652828807881031724e-04 3.523034901402378495e-04 3.321132040982790047e-04 3.390378229425810371e-04 6.273298681615023607e-04 6.522847767434775254e-04 7.028427042703980394e-04 7.607662660171820917e-04 7.532707760284758575e-04 9.466011759973332832e-04 6.727740811890635083e-04
2.719695734093746675e-04 2.392782407449247500e-04 1.631221581395024978e-04 3.016016270220156633e-04 2.966373183228328682e-04 3.357254624463549067e-04 6.485942460582185638e-04 6.410368716232699724e-04 7.169027043495917280e-04 7.834554303760835796e-04 7.328306207896183484e-04 8.735527989688222960e-04 6.193202746413401872e-04
2.719695734093746675e-04 2.343350707179943251e-04 1.601931514810618141e-04 2.987527746833855847e-04 2.973828800228136876e-04 3.355837570718336925e-04 5.770646810500058496e-04 6.089050659541894554e-04 7.056475126620776134e-04 7.975647443176914209e-04 1.154101967670640274e-03 1.146138390414769411e-03 6.552493235856364766e-04
2.719695734093746675e-04 2.213500918912968043e-04 1.832316599769473952e-04 2.601234518899754340e-04 3.004854371437892325e-04 3.121313573417560088e-04 5.759963061959239277e-04 6.065033533664321340e-04 7.051114795278400895e-04 8.077856670641328724e-04 1.112520836404163899e-03 1.160084344685048761e-03 1.002931524524186980e-03
2.719695734093746675e-04 2.239058504362056068e-04 1.903256965424913062e-04 2.606483566321078399e-04 3.153367327116910076e-04 3.319755477129695208e-04 6.698654787320713032e-04 6.790290793296633286e-04 7.835224529151456384e-04 7.574598753483629534e-04 1.204431024152458410e-03 1.238423833669695991e-03 1.135747844847020569e-03
2.719695734093746675e-04 2.025035246912345341e-04 1.942268272755543553e-04 2.399059033906515931e-04 3.203958324143045978e-04 3.382658178859212898e-04 6.108062503315004081e-04 6.849288069404567414e-04 7.305012599229063772e-04 8.934007841200813970e-04 1.639504501319326941e-03 1.605391781187333420e-03 1.355085592050591725e-03
2.719695734093746675e-04 1.741578696751544075e-04 1.955636704065000057e-04 2.418544614813039953e-04 3.001874097210890241e-04 4.086267756182041444e-04 5.956995561428062762e-04 6.068099152318931315e-04 6.972639904119618025e-04 9.216704676311067738e-04 1.121426792009268302e-03 1.352315645521760161e-03 1.393507207468524557e-03
2.719695734093746675e-04 1.765997576701172872e-04 2.018170770582321325e-04 2.511049101303977908e-04 3.024249023000027026e-04 3.703869579921769610e-04 3.838278497498020408e-04 6.917878314809123566e-04 6.962492695107067421e-04 8.928842402232131052e-04 9.643562597250167562e-04 1.288669470145596165e-03 1.526589382613942336e-03
2.719695734093746675e-04 1.760699421489961866e-04 2.031040556322934350e-04 2.525172778399411666e-04 2.948925241223177528e-04 3.867041915160077808e-04 4.474397982563221507e-04 6.396002158238250001e-04 6.357571825641423298e-04 7.672460756286991236e-04 7.905428658514648344e-04 9.273555040418968035e-04 1.558685785253573295e-03
2.719695734093746675e-04 1.850344221105008403e-04 2.076609204660322258e-04 2.605624199076027651e-04 2.968065085502164142e-04 4.005664071090842774e-04 4.507711537423476672e-04 7.229110520495310444e-04 6.683150866855923529e-04 7.698112388919379351e-04 8.146681113936442547e-04 9.152410429093873210e-04 1.089218339858059751e-03
2.719695734093746675e-04 1.836635237379259731e-04 2.079557030361769195e-04 2.187482586623523879e-04 3.049881112219686614e-04 3.627751040933286514e-04 4.115389270367921957e-04 5.348960166484474687e-04 5.917500652393662547e-04 7.265575402358688062e-04 7.876831111136397331e-04 9.904127971448247348e-04 6.458604244666772470e-04
2.719695734093746675e-04 1.837531273496529997e-04 2.108268004441368932e-04 2.264901338808839807e-04 3.077927199306392837e-04 3.099469405914291966e-04 3.645291142998831357e-04 5.001211028074833021e-04 4.595793332181965780e-04 5.903152618580497857e-04 7.618609208705493571e-04 5.188662258952441222e-04 5.483807280558726472e-04
2.719695734093746675e-04 1.793592653835520496e-04 1.923800866808193398e-04 2.270306679592304616e-04 2.527080901179106181e-04 2.819342727279452229e-04 3.693530150070246476e-04 4.324137050811235135e-04 4.762319942952501122e-04 4.890673632557071288e-04 5.053169014171764823e-04 4.678830968848154298e-04 4.419259812095023424e-04
2.719695734093746675e-04 1.798608098639775318e-04 2.270850884049567748e-04 2.282973943123371219e-04 2.798182853516575962e-04 2.754782225210955786e-04 2.989780369209408964e-04 3.561155458361602889e-04 3.479305999014555895e-04 4.295270730711681171e-04 4.997848930079708176e-04 4.250771651624851385e-04 4.351066552087587132e-04
2.719695734093746675e-04 1.837371759355596655e-04 2.176125331402457396e-04 2.326778213990241917e-04 2.752455080568440705e-04 2.514644281462923080e-04 2.915157361125150759e-04 3.525532473103581434e-04 2.404171329762697378e-04 3.808737487482287800e-04 4.797134203911123762e-04 4.713957964997625167e-04 4.481726862583883231e-04
2.719695734093746675e-04 1.830267251735212541e-04 2.022121784225645186e-04 2.210157299143093842e-04 2.447291996465618229e-04 3.106207437896494499e-04 2.930664295745403570e-04 2.496088211520886132e-04 2.459567703141627456e-04 3.502290736495955068e-04 4.205892529084253977e-04 5.088070057426178705e-04 3.330391815054862398e-04
2.719695734093746675e-04 1.870160153635161502e-04 2.038488602206319671e-04 2.347534128759932483e-04 2.577422982550391420e-04 3.008135044731533362e-04 3.031297422377487658e-04 2.278407318847841285e-04 1.947298396586942299e-04 2.872598071256895753e-04 3.785145475510291908e-04 4.597105155137779886e-04 4.504602552482756613e-04
2.719695734093746675e-04 2.360536272567013711e-04 2.045383194512667214e-04 2.301328596817948794e-04 2.606063617895288688e-04 3.213357169002877358e-04 3.293458278114105506e-04 2.606690053699375616e-04 1.999336413618011093e-04 2.547473918239438338e-04 3.928335286473437125e-04 5.634119839993815323e-04 8.427899939749186869e-04
2.719695734093746675e-04 2.475737298235711073e-04 2.115827560380607777e-04 2.352304098895309904e-04 2.372696068769148455e-04 2.666397460430221114e-04 3.958972599982715909e-04 3.655416349118354434e-04 2.616052045167575196e-04 4.835593013581861231e-04 4.653188646297481078e-04 7.702217262164805841e-04 8.007798608034171622e-03
2.719695734093746675e-04 2.622802594756907602e-04 2.246755859390971817e-04 2.424941069084267993e-04 2.974103409214930898e-04 4.158495840389110198e-04 6.331854239004727509e-04 4.623635267497836886e-04 4.882667456364873991e-04 4.912871104557187639e-04 8.714366969410133196e-04 1.032368089700970914e-03 1.453807119667512113e-03
2.719695734093746675e-04 2.657349300133527879e-04 2.428934689426190776e-04 2.638550913252157414e-04 3.442997036727123887e-04 6.832139022978016936e-04 1.086298998041441456e-03 1.074982538407630262e-03 9.429127821567130554e-04 7.385539166734467588e-04 9.870971031660296865e-04 1.336934234611303384e-03 1.237165342442748993e-03
2.719695734093746675e-04 2.971433442193652350e-04 2.757486289886397404e-04 2.897351358642462891e-04 4.432964294952402955e-04 1.101780003340030846e-03 1.493318975212294805e-03 1.555410877281587561e-03 2.499495394599153281e-03 1.790811699312912274e-03 2.711105123476507776e-03 1.935387569578441705e-03 1.308827656560728565e-03
2.719695734093746675e-04 3.086464896242138798e-04 3.094130116782253630e-04 3.125468735382884423e-04 6.068131853318930536e-04 1.012403680680734695e-03 1.528480212839520127e-03 1.780333930834721414e-03 4.051610391413238386e-03 3.134244243920795460e-03 3.104082057602090394e-03 1.928986310318872100e-03 2.592072913698886902e-03
2.719695734093746675e-04 3.091291448536795080e-04 3.389188221878967140e-04 3.622500888710784069e-04 6.962726823545974716e-04 1.174801794225760086e-03 1.680438088635440161e-03 3.289974274399201475e-03 4.078933184096149647e-03 4.396209056805254825e-03 3.788659653002097918e-03 2.494264192576667663e-03 2.722072235482815832e-03
2.719695734093746675e-04 3.262396467142025672e-04 3.546436094923709334e-04 5.326050181910201020e-04 1.048994086101088423e-03 1.297233156713804977e-03 1.848687171639637082e-03 3.270161011187853756e-03 4.156125344039548683e-03 4.364146490224147037e-03 4.173813523941073862e-03 2.664607250935488360e-03 3.037104408195536072e-03
2.719695734093746675e-04 3.282276339561114565e-04 3.729503386501193253e-04 9.627909432327795775e-04 1.532612017084501602e-03 1.879484768369733350e-03 2.179661270185691800e-03 4.515976847286823706e-03 4.664380540828978912e-03 8.857069483408783889e-03 2.836057215932155304e-03 4.053709860604834750e-03 4.411876721162544084e-03
2.719695734093746675e-04 3.205591458798230241e-04 3.747251158668664091e-04 1.025556412208573215e-03 2.531639422270992069e-03 2.123240971631135555e-03 3.906651047313239832e-03 4.868285860644310133e-03 1.064128400721018643e-02 1.190339039115671099e-02 1.186722589548896284e-02 5.433320112528987160e-03 3.862712136844743353e-03
2.719695734093746675e-04 3.229179274201562271e-04 4.319125599168868431e-04 7.386580406407678790e-04 2.284759354368972890e-03 2.540064155884363874e-03 6.397626053692383880e-03 1.291508733176585828e-02 1.841679211197768187e-02 1.658239808594682771e-02 1.112337264870569449e-02 8.476740523081166892e-03 1.069658831392503867e-02
2.719695734093746675e-04 3.304161044708328523e-04 4.251853390676297835e-04 7.797312769999615754e-04 3.198255281554134282e-03 3.202363055149347933e-03 8.782297350012827422e-03 1.361557783365193591e-02 1.732174781454870471e-02 1.842105560814141438e-02 1.513957575869918221e-02 1.424316916325262666e-02 1.871985165984929589e-02
2.719695734093746675e-04 3.267436926560325183e-04 4.254371394967786297e-04 8.741671111062496559e-04 2.129122653500561176e-03 4.096215914774554989e-03 9.443408683124905958e-03 1.292820280607448295e-02 1.158004165455311062e-02 9.600327883810828855e-03 1.523837495503604748e-02 1.801172711067322574e-02 3.661711303020925845e-02
2.719695734093746675e-04 2.961821807528566700e-04 4.136063210127119741e-04 7.786575682592844451e-04 1.865561959270173884e-03 2.993248843547535645e-03 7.431194460468982729e-03 1.247121933714246886e-02 1.353587686156245209e-02 7.063130555915885303e-03 8.642260199614937993e-03 2.051401798683154601e-02 2.522571799717767196e-02
2.719695734093746675e-04 2.955652389838284611e-04 3.948348461021245555e-04 8.316064902380080996e-04 9.705545626670400135e-04 2.494651576078132319e-03 7.416011626256533741e-03 9.052581074119058629e-03 9.360104971934407256e-03 3.962736969290319572e-03 7.742475860053439456e-03 2.315877369794245438e-02 2.278301091807671125e-02
2.719695734093746675e-04 2.942794087214323424e-04 3.856997338450725266e-04 7.789641685665072606e-04 1.067059387232489106e-03 2.306542716761424052e-03 4.217549519598551809e-03 7.776457440069970556e-03 6.415454421148134717e-03 1.028949717054567295e-02 1.610904463879777107e-02 9.296522807385644224e-03 1.446908620400837696e-02
2.719695734093746675e-04 2.947189570225964444e-04 3.295229209895339387e-04 7.916765568655177287e-04 1.058470974099056999e-03 2.336606556463026885e-03 5.334310786794018919e-03 1.081890753193554856e-02 4.435344174324328329e-03 1.189979469385319538e-02 1.520096918645076969e-02 2.313479463595271429e-02 5.455843808162823272e-03
2.719695734093746675e-04 3.060914274348361494e-04 3.439088592578214447e-04 6.562497107037117269e-04 7.940677236326950782e-04 1.916747441491264232e-03 3.479047521346525281e-03 1.186048306915578852e-02 6.793143543685594560e-03 8.572330267153340649e-03 3.643912202902281627e-02 1.409760574313026309e-02 6.974237714717394961e-03
2.719695734093746675e-04 3.385820842683803377e-04 2.884859052333548553e-04 6.080144672746356886e-04 8.840884159663699605e-04 1.889147544338343372e-03 5.578365828192805194e-03 7.233388009629205737e-03 8.599690730295615759e-03 7.824217566305642635e-03 1.771864035851589136e-02 4.209134680086442509e-02 4.232886180151375355e-02
2.719695734093746675e-04 3.296381291263306037e-04 3.370553473199277596e-04 5.243669072546413819e-04 7.338943180573662692e-04 1.809482961421472009e-03 2.174985714256547076e-03 5.787136920950989097e-03 9.815255246805341949e-03 8.883764862092122239e-03 1.683530760073536151e-02 2.926701132620432647e-02 1.658863878778906176e-01
