3.811094664280346295e-02 6.468045228667949550e-03 6.189467490387061399e-03 6.351957073567222715e-03 7.041380138011195215e-03 5.855874895791924641e-03 5.831857417460185530e-03 6.374524302529618880e-03 6.074938229690223651e-03 5.235310102543859652e-03 5.271403484727079682e-03 1.688291595980861200e-03 1.869060191421981860e-03
3.713653897311633423e-02 3.249030872846610934e-02 6.337444658436934553e-03 5.739318185093188369e-03 4.963749505786026715e-03 5.916585764670565829e-03 6.394255692055549750e-03 6.375272974517330084e-03 6.080704657803511458e-03 5.855707562177622089e-03 5.890540890256870492e-03 1.688240117706918354e-03 1.869060191421981860e-03
3.500847043951801213e-02 2.239571151970249849e-02 6.023105782829398479e-03 5.785517870982173107e-03 4.968864917416946150e-03 2.931406581222898919e-03 6.634324159654574754e-03 6.397968065789983241e-03 6.761578050802408146e-03 5.951161670563903834e-03 5.886930368140112432e-03 2.309123006275991610e-03 1.869060191421981860e-03
5.075185600467542468e-02 2.184732767262591649e-02 1.557723974222427130e-03 1.325207418107364607e-03 4.184429959310405345e-03 3.163386951478370721e-03 3.284491614241324964e-03 8.114081114530042119e-03 6.762149310418378786e-03 5.986025118080132330e-03 5.911633862555290553e-03 2.308742592999243372e-03 1.869060191421981860e-03
3.408631497218617828e-02 7.876088148139288869e-03 3.277250845823771047e-03 1.720594184974719122e-03 4.216670230698080918e-03 3.178344949346658625e-03 4.792615559977226117e-03 4.748838229338237654e-03 6.729391483125762852e-03 5.987090065797082659e-03 2.544759168258629422e-03 2.304521808001711893e-03 1.869060191421981860e-03
3.635644594843826655e-02 6.891073819241248788e-03 3.301492267438323712e-03 3.711910902433326540e-03 4.375644200442363810e-03 3.319604980025842901e-03 4.852920109662387828e-03 4.757174525004460343e-03 3.361507771013263774e-03 2.648489529115244205e-03 2.545653899686272249e-03 2.305689193954783747e-03 1.869060191421981860e-03
2.449447148946514927e-02 9.181735735777799695e-03 8.165377230492872757e-03 4.073032591138859085e-03 5.769171208414883463e-03 4.917362329148677706e-03 5.016056725698433277e-03 4.895986898937831899e-03 3.363287067240535149e-03 2.649436636744144629e-03 2.548087848426056935e-03 2.303791224208034429e-03 1.869060191421981860e-03
1.513863814525780345e-02 1.144874954894573374e-02 1.923604738708140777e-02 7.294615688303802796e-03 7.208409272226091319e-03 1.000738633004234421e-02 5.027051753843769788e-03 4.659345857412801849e-03 3.382258188123175857e-03 2.650352251618750057e-03 2.555431492155327278e-03 2.303184712349572345e-03 1.869060191421981860e-03
9.092347969602572466e-03 1.285263960224867878e-02 2.277558807589759315e-02 1.419436145080146990e-02 1.587964976534948433e-02 1.477439954735750190e-02 5.326172392803155131e-03 4.646249398823273750e-03 3.390793559592496058e-03 2.577863591356007247e-03 2.555803259870936556e-03 2.305988407901209038e-03 1.869060191421981860e-03
1.038658403280795332e-02 1.150906599719519335e-02 1.721097475177399763e-02 1.615298909958037127e-02 1.542658371605347065e-02 5.840774324279487777e-03 7.456314542520089093e-03 4.963998565822051387e-03 3.681518737151310856e-03 2.637059932942513799e-03 2.558120278604129015e-03 2.492261508103102950e-03 1.869060191421981860e-03
6.227444714940320869e-03 1.029733089553212799e-02 1.156415153581911645e-02 1.647399098402503245e-02 6.735717185977238390e-03 5.971113074069087784e-03 6.374254099807703106e-03 5.438339730746257275e-03 2.968181974651412387e-03 2.639379819859005629e-03 2.744928460137509903e-03 2.494104585485367679e-03 1.869060191421981860e-03
2.383812348060597615e-03 3.281956520017792651e-04 4.988281726632601103e-03 9.162045381834743249e-03 6.062597201031031530e-03 6.018292567406775817e-03 5.105316696062233393e-03 4.652122938820663425e-03 3.949643457062407964e-03 2.634553189571218080e-03 2.742415160791953320e-03 2.492460584909322093e-03 1.869060191421981860e-03
2.803750265494372833e-03 4.165012833045830289e-04 3.465928544444097075e-03 9.464625004765424982e-03 6.261439342632360572e-03 5.937183390558034221e-03 5.582064464392647897e-03 5.014720882198159431e-03 3.690977511017054860e-03 2.869442238456449724e-03 2.518670483033958515e-03 2.492160830227685420e-03 1.869060191421981860e-03
1.010408860115664205e-03 2.962446460021379369e-04 3.565420412798704208e-03 8.618155296545094643e-03 8.341835617588600621e-03 6.874964767650251427e-03 5.211525791099818304e-03 5.005820734615403465e-03 3.837137776609567466e-03 3.491186138828779924e-03 2.539718867515684559e-03 2.490864249030642647e-03 1.869060191421981860e-03
9.399706764791130459e-03 1.860508686274005589e-03 5.775468295485890712e-03 7.895843173228472844e-03 7.448702565614538466e-03 7.076767376363484949e-03 5.308460624221724745e-03 5.329528476531248532e-03 4.299354425189140863e-03 3.451188307031022567e-03 3.270573512508510600e-03 2.496353679871871241e-03 1.869060191421981860e-03
1.135548818013933092e-02 8.868060902332719486e-03 5.501910127630102280e-03 8.041727494325098466e-03 7.458020457173634120e-03 7.091260696773665079e-03 6.081150335842851369e-03 5.332673316330764982e-03 2.647791382921176138e-03 3.374843537511152975e-03 3.275017442184322437e-03 3.234541122224624150e-03 1.869060191421981860e-03
1.054879179783195682e-02 1.085487264816457735e-02 5.589384206935324971e-03 7.564415802715999254e-03 7.448393907052908679e-03 6.943443798977559991e-03 6.544221812863328103e-03 4.282158355401851496e-03 2.648290408653325781e-03 3.375822776051458449e-03 3.368178948516975784e-03 3.235713102887017786e-03 1.869060191421981860e-03
1.163513042269600541e-02 3.140562233154750235e-03 3.372939694987555498e-03 5.262977758298690613e-03 7.157524608379863158e-03 6.931527411432623909e-03 5.519646051652821357e-03 3.001383392926783820e-03 2.724753797034762306e-03 3.381127599586578134e-03 3.365461202603553872e-03 3.235547310744602435e-03 1.869060191421981860e-03
3.978373467539941984e-03 3.360415218422419317e-03 3.214810782341421917e-03 3.007433478386604096e-03 7.190729365860385261e-03 4.813392539246105772e-03 4.593282555352966486e-03 2.793303298542274687e-03 2.208088396181379347e-03 3.374365152964016283e-03 3.363290635429497331e-03 3.224679269205072123e-03 1.869060191421981860e-03
3.302431043507855508e-03 3.170748702478958826e-03 2.433217037829078517e-03 2.677261423431658884e-03 4.196437155252216375e-03 4.629286222704532584e-03 3.825602729290663445e-03 2.789109534172285517e-03 2.212878466361967427e-03 1.733366598208437286e-03 3.355541243439889854e-03 3.224862371854079427e-03 1.869060191421981860e-03
3.301203576250906751e-03 2.325012455480201298e-03 2.294833248724433006e-03 2.620693355456778922e-03 2.276624611091314365e-03 3.646886529320973996e-03 3.632801753198905761e-03 2.253528481223589924e-03 2.214430266999517418e-03 1.753719241368607764e-03 3.311861194580772213e-03 3.223945277000202052e-03 1.869060191421981860e-03
2.801737057136234003e-03 2.230999767212125864e-03 2.344101259757937292e-03 2.244731981526486633e-03 1.460256864558534193e-03 3.249805289169968928e-03 2.867898058326881754e-03 2.319686854210538732e-03 2.271800309943318441e-03 1.728319426864360561e-03 3.307549017613878144e-03 3.222962706589903997e-03 1.869060191421981860e-03
1.801277085581169972e-03 2.411632401880400411e-03 2.027702497025291734e-03 1.897282323223842574e-03 1.346701705850246369e-03 1.117113645117873708e-03 2.179399642682328629e-03 2.328787049662489964e-03 1.761677334721829585e-03 1.709879976623454069e-03 3.303126483890043465e-03 3.221334151324939735e-03 1.869060191421981860e-03
1.723100653804947226e-03 1.341054259994212518e-03 5.777694695626032139e-04 3.563189527781726010e-04 1.357170044787461925e-03 9.616850113803459849e-04 2.142517987918226424e-03 2.309070994856664370e-03 1.742036707302262091e-03 1.706875353613512012e-03 3.301722786595438948e-03 3.220732967826364212e-03 1.869060191421981860e-03
1.803609000216324426e-03 7.436336879089437300e-04 6.528734404788638819e-04 4.849512827709251232e-04 9.042632421971752779e-04 1.001307629730232478e-03 1.230822880443013757e-03 1.777712783249544952e-03 1.695344462509185786e-03 1.666225765583311067e-03 3.303884563533203162e-03 3.223514658323947246e-03 1.869060191421981860e-03
1.601663797220425440e-03 1.106110249812539787e-03 6.421337394605386179e-04 4.433577922383598931e-04 9.036428487522960582e-04 7.286541994922863174e-04 7.056871131762512293e-04 1.126797196200836088e-03 1.688134569838537890e-03 1.671955663244947170e-03 3.307891958231051234e-03 3.224080590477765469e-03 1.869060191421981860e-03
1.573372806160022817e-03 9.946844391564542767e-04 6.703486531092962180e-04 5.992421708632386440e-04 5.701814896149836557e-04 7.033531639243108518e-04 6.911187527319705105e-04 1.100169905811350856e-03 1.059801388698171929e-03 1.676823100731642457e-03 3.327487566853416269e-03 3.258949076817203340e-03 1.869060191421981860e-03
1.555906692170036043e-03 8.959533141686674322e-04 6.234603393308693359e-04 5.943975798577496878e-04 5.868173014465392825e-04 7.097161967089935962e-04 6.670590299769759909e-04 6.780364654502829417e-04 1.057330662148524367e-03 1.055733638026864736e-03 1.684911491564968725e-03 2.637049897182659579e-03 1.869060191421981860e-03
1.977560746748827439e-03 1.060747189538235056e-03 8.229513999873540450e-04 5.466941488505467099e-04 7.393091850997386564e-04 7.000916900728443694e-04 6.621561208644601579e-04 6.781760175946434680e-04 1.057452835847337265e-03 1.060670120880988915e-03 1.012930219051355824e-03 2.635538488486743446e-03 1.869060191421981860e-03
1.399231106266377771e-03 1.530182827505331342e-03 7.960117351334324324e-04 6.776365787311995886e-04 7.265483194273204609e-04 6.841325224733834070e-04 6.635385463527131546e-04 6.657919862416622264e-04 1.055331454614123971e-03 1.058941473632318570e-03 9.929011716304225743e-04 2.634378416221376529e-03 1.869060191421981860e-03
1.482936298416472325e-03 1.353108252962590330e-03 8.559372575072841331e-04 7.002694110091748280e-04 7.081808306992957948e-04 6.739386830170551431e-04 6.592909744317006779e-04 6.335294435347982702e-04 1.054857613722806056e-03 1.051420000849637810e-03 9.723183273001096598e-04 2.632929010513640304e-03 1.869060191421981860e-03
1.180517252238580134e-03 9.090236430718669301e-04 8.374938224991871662e-04 6.763050188331350132e-04 7.072676073601813843e-04 6.643494220690551125e-04 6.755715775645363720e-04 6.306361407826640208e-04 1.048994963819206662e-03 1.044074155618477393e-03 9.713736360191333949e-04 2.633345195257176356e-03 1.869060191421981860e-03
1.168971268977124197e-03 8.497311652737002700e-04 7.054678118639751225e-04 7.439900683929052006e-04 4.613558794886238454e-04 6.440450395945391182e-04 6.646353679424020326e-04 6.249279428906231657e-04 1.037366632663740259e-03 1.041537467178919396e-03 9.705437403592691520e-04 2.630539119740851230e-03 1.869060191421981860e-03
2.271340793373503777e-03 1.344047178817730712e-03 7.247949336479454817e-04 1.290207214899039348e-03 1.021249395995246475e-03 1.204086038182355543e-03 1.220330729840176298e-03 5.611891340256755642e-04 1.039153761611268101e-03 1.040145091991516750e-03 9.703216533520543250e-04 2.595389708707147684e-03 1.869060191421981860e-03
2.562015704425853104e-03 1.296987728977729839e-03 1.260238187569786205e-03 1.279874806774577772e-03 1.024739564821665339e-03 1.027649618695995314e-03 1.576128486397347737e-03 1.534040094243793078e-03 1.466037344806204101e-03 1.037514727816336510e-03 9.674559898785023947e-04 2.594712716700663547e-03 1.869060191421981860e-03
3.007845803752377464e-03 1.933471654226342129e-03 1.292703149913930526e-03 1.252110948221524592e-03 1.401298255189482433e-03 1.452424438068908958e-03 1.540377254790143086e-03 1.534813149050003349e-03 1.566118108377551532e-03 1.462781824888092098e-03 9.661380670656694904e-04 2.598245955887401679e-03 1.869060191421981860e-03
3.225287596248610673e-03 1.878481022928893580e-03 1.324926755860536196e-03 1.491371374294369386e-03 1.397885856193756054e-03 1.356328686928384361e-03 1.351761255985583794e-03 1.536948600892351722e-03 1.512411247134413808e-03 1.446615289585598610e-03 9.689155666799277979e-04 2.597589790619735019e-03 1.869060191421981860e-03
2.401978111812975904e-03 1.943391881520114108e-03 1.857689053913148510e-03 1.401839829086837155e-03 1.387046726821554183e-03 1.354146534470346318e-03 1.356327503127835888e-03 1.354242870785810288e-03 1.510974797413119474e-03 1.447921496885226558e-03 9.685714468332898720e-04 2.597520949038244556e-03 1.869060191421981860e-03
2.792268783785309318e-03 1.826069900959282266e-03 1.889363214291711352e-03 1.516497231396172519e-03 1.474149715514905474e-03 1.323622813572076238e-03 1.350803545002124840e-03 1.362852150843671221e-03 1.498957870301587504e-03 1.449830941879830899e-03 1.418193234136217026e-03 2.597441675224720133e-03 1.869060191421981860e-03
2.877857610122561138e-03 2.257754890312926518e-03 1.897465342526235979e-03 1.486999219928371221e-03 1.378877668748994907e-03 1.397836573740034605e-03 1.349911323351112675e-03 1.355744786679265006e-03 1.317502301856545528e-03 1.446185230347037673e-03 1.419012906582523340e-03 2.597579217978827730e-03 1.869060191421981860e-03
2.892194429030635946e-03 2.457975226757266006e-03 1.548027090315204964e-03 1.482921851130898291e-03 1.395013841206386085e-03 1.358148146060113434e-03 1.300675797707618112e-03 1.351570490273894688e-03 1.319197074812037893e-03 1.259828648163583299e-03 1.419616416026093196e-03 2.597357645820903924e-03 1.869060191421981860e-03
2.788726355079745173e-03 2.903929954829735215e-03 1.547009202055999550e-03 1.380333711438948415e-03 1.388226870101736754e-03 2.050011719317013092e-03 2.058559994274066461e-03 2.066775525201430819e-03 2.040839622704496495e-03 1.214480658635392306e-03 1.420814096670404165e-03 2.597349495812967170e-03 1.869060191421981860e-03
2.896957166592553472e-03 2.135059035154842494e-03 1.498282185634673951e-03 1.398905895880833044e-03 2.062708813883266240e-03 2.060394838246045173e-03 2.070477879986654546e-03 2.042208577653378907e-03 2.047517937596072830e-03 2.279801689274963197e-03 1.233459061130720178e-03 2.597254373883983031e-03 1.869060191421981860e-03
2.563678467410889731e-03 2.102648367653497420e-03 1.595648071375995033e-03 2.073553734656405703e-03 2.027684495956782670e-03 2.044064039576355164e-03 2.044795467368830562e-03 2.045845889766484144e-03 2.068662173429690072e-03 2.280735500241777569e-03 1.198831356953925431e-03 2.409865065254209772e-03 1.869060191421981860e-03
3.402229275881967115e-03 2.438069869250155969e-03 2.174534616229192342e-03 2.292005105732676691e-03 2.233613845865943873e-03 2.234034783191228644e-03 2.236919724747813386e-03 2.242613445295542265e-03 2.065729278682601824e-03 2.277311373920968152e-03 1.195892005432488926e-03 2.407262557981801679e-03 1.869060191421981860e-03
2.543411368808685177e-03 2.104737733889649326e-03 2.791789091854531175e-03 2.331970591510937937e-03 2.259766044935522175e-03 2.239097286362125207e-03 2.222854129328905026e-03 2.244193091675129956e-03 2.090268987138590648e-03 2.277956522664889485e-03 2.640452531245234599e-03 2.407911238266036667e-03 1.869060191421981860e-03
2.506340709036422153e-03 3.002390464035734497e-03 2.747997438936004583e-03 2.723510959001002041e-03 2.636273916370670926e-03 2.256769769477071520e-03 2.362536099088732161e-03 2.238002506078383413e-03 2.161182582144058426e-03 2.243634331470399732e-03 2.640571259653496598e-03 2.406593807928508223e-03 1.869060191421981860e-03
2.815637093502841495e-03 2.976304943448365367e-03 2.774379337964953327e-03 2.997599941584385645e-03 2.709610656175404260e-03 2.403358083007299788e-03 2.399891597330430261e-03 2.360594219637340146e-03 2.070502242070156561e-03 2.244303784594757229e-03 2.640492042796782970e-03 2.406655859818335619e-03 1.869060191421981860e-03
3.468604865077285545e-03 3.936183420510791335e-03 3.644941891189316420e-03 2.788236191402638023e-03 2.929219409590986829e-03 2.480402918063786058e-03 2.401118096911079251e-03 2.304395412057182960e-03 2.304766361617741153e-03 2.276752419267833068e-03 2.641171010602691351e-03 2.406709348857476692e-03 1.869060191421981860e-03
5.884563952508083465e-03 4.707320418105272707e-03 3.674398805057381163e-03 3.421533295846363506e-03 2.935526222880260189e-03 2.496293858667421577e-03 2.413244839412936448e-03 2.176860677790833087e-03 2.345300599913375736e-03 2.276210253951706317e-03 2.640132213188390448e-03 2.406561753378624879e-03 1.869060191421981860e-03
5.730190917050900085e-03 4.749168871468585455e-03 3.852062335606028058e-03 4.192581290319018737e-03 3.649727540469068551e-03 2.587665564945190299e-03 2.343485950521835472e-03 2.411248556382697677e-03 2.343459229616795623e-03 2.271364286457523609e-03 2.641051083363284754e-03 2.406433926223273349e-03 1.869060191421981860e-03
7.703884311774823225e-03 5.792356956774693567e-03 4.157569827456624768e-03 6.057771984175520583e-03 5.167066072285487165e-03 3.085382147620827683e-03 5.554832438888128963e-03 5.376288832358700094e-03 5.316554509453450157e-03 2.269406967363956154e-03 2.640003176533377467e-03 2.406655287393204886e-03 1.869060191421981860e-03
9.977171633554356503e-03 9.238520038357478717e-03 5.516592247886658966e-03 9.623449561111262554e-03 9.267085848794102271e-03 7.159149835857504807e-03 5.740249521340824029e-03 5.369070321014402652e-03 5.362446402831926549e-03 5.260064932005069534e-03 2.409347511916185708e-03 2.406696725518789846e-03 1.869060191421981860e-03
9.782975248425378537e-03 1.688582138428454393e-02 1.358255102752958798e-02 1.525295888565080492e-02 9.725328875852911129e-03 7.257947092385892175e-03 5.709335949315572610e-03 5.602802028732227144e-03 5.355103821824164223e-03 6.705313970251267422e-03 2.408683801064775282e-03 1.668685799804483323e-03 1.869060191421981860e-03
1.564762865797085858e-02 1.557422542246363235e-02 1.276692917849894283e-02 1.423132937410965561e-02 1.262628976504063909e-02 1.270110841255129089e-02 5.680883053247804890e-03 5.599974581753364850e-03 5.353850812913209245e-03 6.701691324936814506e-03 1.671822212965013354e-03 1.670152596227738456e-03 1.869060191421981860e-03
3.362469720366696030e-02 1.167434722733125090e-02 1.421422913820765029e-02 1.715946984122911079e-02 1.417403351640323175e-02 1.508499652897504414e-02 5.758735490854652132e-03 5.398354081161612326e-03 5.388020353973017873e-03 8.281851939038261876e-03 1.671463136651659808e-03 1.669964870420590332e-03 1.869060191421981860e-03
2.325334781641723303e-02 7.778732319323866835e-03 2.255749563044181713e-02 1.655927148176546820e-02 1.373896991779330855e-02 1.608577042283183822e-02 9.644977257612355817e-03 5.367044033714248909e-03 5.351905566153436315e-03 8.515226739976917286e-03 9.175494386213584735e-03 1.669462782501075467e-03 1.869060191421981860e-03
1.884213654619387029e-02 7.054301037999054225e-03 2.052445538606630093e-02 2.252726543547391158e-02 1.375043141330501914e-02 1.465929394861233831e-02 9.739399277135610614e-03 5.312800810798629092e-03 6.654761712654890318e-03 8.512298438521536531e-03 9.175844532624531993e-03 1.669481490977423000e-03 1.869060191421981860e-03
1.888558196618457183e-02 7.206367219128219023e-03 2.089039137964573967e-02 2.034347856237395114e-02 1.722899785451175586e-02 1.064482930422865070e-02 9.578356216137621365e-03 6.613664544452608866e-03 8.604209124654036908e-03 9.148394721271055699e-03 9.174119285725328490e-03 1.670857402348410216e-03 1.869060191421981860e-03
1.329229831193812217e-02 2.125515528071961549e-02 2.078501483797853475e-02 2.026250000447821914e-02 1.695104776321958856e-02 1.063067710218645878e-02 1.054457072690632990e-02 7.342383500741459651e-03 9.533228536040744272e-03 9.145891585838603066e-03 9.260483080313464122e-03 1.672796474317179982e-03 1.869060191421981860e-03
1.119177129576634337e-02 2.161682594148896588e-02 2.060829513373587524e-02 1.668206663608442358e-02 1.640190057809372617e-02 1.054729561636910846e-02 8.292809684046749744e-03 7.339456059757378144e-03 9.412435603611254975e-03 9.144741540054537182e-03 9.262538274552416240e-03 1.674721216179987865e-03 1.869060191421981860e-03
9.110590531301438616e-03 2.095069922482677843e-02 2.028738991506890549e-02 1.635048188059716814e-02 1.650596273473652759e-02 8.575770536950634917e-03 8.285442592399201375e-03 7.387267218834701540e-03 9.115592224791704834e-03 9.157277333084634652e-03 9.261732199944885252e-03 1.675267537306134947e-03 1.869060191421981860e-03
1.023930251431756991e-02 7.450856251662012902e-03 2.270805785109744276e-02 1.712121982415798147e-02 1.704034063807734548e-02 8.379924047894629635e-03 7.068190457976982095e-03 9.118699156420273511e-03 9.115756221566694711e-03 9.165447725807860171e-03 9.259473837132240967e-03 1.682761254682079094e-03 1.869060191421981860e-03
1.241007617788067452e-02 1.080374610728577003e-02 1.735925931646050899e-02 1.711323989536786203e-02 8.957527881756586000e-03 8.373702313481362625e-03 7.082284193291979099e-03 9.118809343111477020e-03 9.123854994874716282e-03 9.137048450660012824e-03 9.259129771120293978e-03 1.683387812551289005e-03 1.869060191421981860e-03
1.272839399365157005e-02 1.229795228429447947e-02 1.799171528224513539e-02 1.558901170222889987e-02 8.432480128751192877e-03 7.540552431670777961e-03 7.358768297460400835e-03 9.127184435889480751e-03 9.125527130466427189e-03 9.137686173475025042e-03 6.716792392461205102e-03 1.683654349391656372e-03 1.869060191421981860e-03
6.315957463883394019e-03 1.081102511857081651e-02 1.441399685566460351e-02 1.621969704475335894e-02 7.347540568986329033e-03 7.360861881684988700e-03 7.417820674643014513e-03 9.178673262893300919e-03 7.689832268738223259e-03 7.691175722463089968e-03 5.269083226937028124e-03 1.686629612946883823e-03 1.869060191421981860e-03
1.346787097198587531e-02 8.559387838668120960e-03 1.022669572806270827e-02 1.092211944045826805e-02 9.450259028724013535e-03 7.909849733527265017e-03 7.417190881472846692e-03 7.728632917344887589e-03 7.691190484224481351e-03 7.780524081720576954e-03 5.269485891732334643e-03 1.685930888887854362e-03 1.869060191421981860e-03
1.241294114797499015e-02 1.139893109695905987e-02 1.056609050262668006e-02 8.880365530951334421e-03 9.449372814088525044e-03 7.306276355214338415e-03 7.252343468384114984e-03 7.726995656490561956e-03 7.691317621770242530e-03 7.779920005813157312e-03 5.268545514996474631e-03 1.687379246013095231e-03 1.869060191421981860e-03
1.101391153321687640e-02 1.143553990690753669e-02 1.009575311752235194e-02 8.933817351115680080e-03 6.910015445892462964e-03 7.272117688023499102e-03 7.482991020177440916e-03 8.088394704731414336e-03 7.739699435060781729e-03 7.780747624141891132e-03 5.268910748332189531e-03 1.688461743383484585e-03 1.869060191421981860e-03
1.347585277241158952e-02 9.440865231049607939e-03 1.028454941546749941e-02 8.948940470494137420e-03 6.957857996276272869e-03 4.744331582454162227e-03 5.065744986902255727e-03 8.114760555795966918e-03 7.740035609219182190e-03 5.238270199228769498e-03 5.269400845437740254e-03 1.688635776543778895e-03 1.869060191421981860e-03
2.389036944450656161e-02 1.113489484504864326e-02 7.863942452923735477e-03 8.964765129328965479e-03 6.955500240649131576e-03 4.980872642809728960e-03 5.066636824482571855e-03 5.621563934262397040e-03 5.221649754961700009e-03 5.238130964923624205e-03 5.272548859388324557e-03 1.688893407846351648e-03 1.869060191421981860e-03
3.011640233091258251e-02 6.851855134301705619e-03 6.479085107727274896e-03 7.253446608066958096e-03 6.984633924795186251e-03 4.968548920705384911e-03 5.803214726663542822e-03 6.343486202873271744e-03 5.265562774196960553e-03 5.238362906878260734e-03 5.271938435492108839e-03 1.688919308279141678e-03 1.869060191421981860e-03
