3.598194995674930396e-02 2.775265311876682129e+11 -1.959874045983780277e+01
3.219822681350592575e+00 7.946419466070376562e+13 -3.380088638800095424e+01
1.881790496370001620e+00 7.915858035414117188e+13 5.747216225563014547e+01
1.541666532801855283e-02 1.017958053631123657e+11 -6.422963111933627545e+01
1.805008414859173627e+00 3.717166484458135156e+13 6.795012172971226505e+01
5.864146338583623219e+00 2.182308912936976562e+14 1.045307070286692053e+01
2.341188436787433602e-03 8.006916829849559021e+10 -4.741507982869619298e+01
5.268788906898635105e+00 6.011366464322696094e+13 9.834548623118799071e+01
1.229609440520619046e+00 1.158407348383490625e+13 -8.873916108691794591e+01
1.479794342431659970e+00 1.730397096770334180e+13 -8.225124213395623940e+01
6.536530413265495554e-01 7.692824029791797852e+12 2.191992405949465450e+01
3.128117154801657307e-02 3.660275010552398071e+11 6.217516672169119829e+01
1.598599106887377275e-02 1.476931183559393311e+11 7.988694939343133683e+01
1.836387720356754016e+00 6.249247468319828906e+13 6.375558289806539136e+01
7.396013152629166143e-03 5.033177584314022827e+11 -3.641336398030634314e+01
1.165138828313274644e+00 1.165092756345126172e+13 6.315374888621320792e+01
2.415759309138820754e+00 4.262062581694681250e+13 -5.828076664171665300e+01
3.330589342597249924e+00 5.768251992348253125e+13 -6.366002301264862240e+01
2.331802445072526098e-01 3.144707195947788086e+12 -3.718530030965004585e+01
3.940624165948634072e-01 6.025522329698072656e+13 -4.354706302208810165e+00
1.209947193749087546e+00 4.283363740220698438e+13 6.270419515494420004e+00
8.379924737270130208e-01 6.648710248592256836e+12 1.723303535452553437e+00
3.388885654483715371e-01 8.953879599575593750e+12 -2.406891635625249393e+01
7.650948087064080028e-02 2.683845643490835938e+12 -2.957788701959034938e+01
3.105287808425941876e+00 5.673702737261973438e+13 8.914246501273740364e+01
5.239258984300931843e-02 3.184403259138930664e+12 -5.103399780825387921e+01
2.807522859278492433e+00 2.792784030442487109e+13 -6.745648066046037172e+01
1.102491751641366591e+00 6.977707357836498047e+12 1.596293471549343579e+01
1.397140762034155159e+00 1.753634573004137891e+13 7.677397168612625933e+01
2.761268392697502350e-02 1.408943257782439209e+12 -6.338552776733067162e+01
2.249775810365690631e-01 8.096549089024130859e+11 1.810443201465392704e+01
4.408633910088610719e-03 1.207205292587093506e+11 -4.571404648446544883e+01
5.601917290041455999e-01 6.739312521321921875e+12 -1.180201888695064483e+01
4.003528628402932554e-01 3.829353646608172656e+13 -4.280048585151464913e+00
4.636736778504825907e+00 6.785076746150282031e+13 -1.232809826205454584e+01
1.902968739869152159e+00 8.569660469290261719e+12 1.083604634516492560e+01
1.403850626187534090e+00 4.720261795352753906e+13 9.964086661517748666e+01
7.271331235068601018e-02 2.017707056208410889e+12 1.952895456678738029e+01
4.824876896984108043e+00 2.019567307174833438e+14 1.352398770234032810e+01
3.202926005628228268e-01 9.824358936256248779e+11 -2.259642600624726683e+01
1.434344476300111637e+00 1.034984375554171484e+13 -8.996168956561277241e+01
1.301470353526099188e+00 4.808983913755355469e+13 -1.426713818908521247e+01
7.215663244144252531e-01 1.690058187850702539e+13 1.625264118685394621e+01
1.043143430569671182e+00 1.108960534050616602e+13 6.444096005153662077e+01
3.315400915819679994e+00 8.895507007477256250e+13 7.898134369654610509e+01
5.396536327698413515e-01 8.777324129709128906e+12 3.840898677689567364e+01
5.099877089553501719e-01 2.169623920408072266e+12 5.462346585515004405e-01
4.950353673987137881e-01 1.060085636239248750e+14 3.391536132066936915e+01
1.057200268642191077e+00 3.657194215445389062e+13 3.775057392279386193e+01
5.741915107473118951e-01 5.688362437317136719e+13 7.475846515540729342e+01
1.261308563465490806e-02 8.081486747903355408e+10 7.162805280289154553e+01
8.136076675839376549e-03 1.653222296792436768e+12 -7.963164964033730087e+01
2.755713901632361740e-02 2.739056011822805481e+11 2.829668048659181068e+01
4.899177226576114208e+00 4.806741908881133594e+13 6.279878471144248664e+01
1.599671848222783410e-01 2.564375576619141113e+12 3.390107303138191952e+01
8.774045609652603162e-01 3.340223261660390234e+13 9.523955444575348395e+01
1.390088897960595204e-02 5.258327812547039185e+11 9.176205311012301991e+01
5.351488097356309481e-01 1.830096024312566016e+13 1.046929006506178794e+01
7.202205355990429325e+00 2.814428579831105859e+13 1.955606004045128188e+01
2.412916098846949353e+00 9.239003124279373438e+13 -2.010811552328748775e+01
3.102548360371883973e-01 1.938015513099790625e+13 -8.770983046782188808e+01
2.050245852092643872e+00 6.886904169498451562e+13 5.916540345449949001e+01
1.390691986377021294e+00 3.075332222558069922e+13 -2.743706756172365502e+01
1.162049054477222398e+00 5.288187983562557812e+13 1.393769595639721715e+01
1.558869322620921594e-01 3.376424148255369141e+12 9.444652786349398355e+01
1.887695283496611864e+00 1.356334450936404531e+14 1.515438743038990843e+01
8.319687103107185067e-01 3.956679917620003125e+13 6.095508185718362171e+01
8.194518825004138307e+00 2.761489550334883984e+13 1.984193713062900599e+01
1.424247804066908429e+00 2.919806329287027344e+13 -7.695075863995803900e+01
2.295073311034911967e-02 1.114468737733109283e+11 9.255544709810187953e+01
5.676618803662449864e-01 3.599960941462074219e+13 1.233368449596306959e+01
8.130264725105007528e-02 1.344987610919542969e+12 6.734950776271760731e+01
9.109919078811685722e-01 1.011401962807555938e+14 -9.103710054758656156e+01
4.280363462384002560e-01 1.725223713037574414e+13 -4.661429069356757537e+01
5.227008414931333391e-02 2.424547799831365625e+13 7.732747485090906991e+01
2.958764136033494196e+00 3.217595984108252734e+13 -6.860754202341512098e+01
3.537426995247187733e+00 4.924099925987053125e+13 1.703913595328686270e+01
7.961387128657406720e-01 5.261887758162543750e+13 7.835984973123922259e+01
7.770712700267267792e+00 5.098895762371481250e+13 9.146871389630847204e+01
3.746841998034824428e+00 1.108847536672406250e+14 -3.721069893046306731e+01
3.455732478101424476e+00 1.350078466316298594e+14 1.683223154472484140e+01
4.301852033725822366e+00 1.417191804492960312e+14 -6.114235913749507745e+01
1.348125764135374993e-01 1.711284184261679932e+12 5.737907807989819275e+01
1.503352674545226364e+00 1.887110211677405938e+14 1.193609548329869696e+01
2.009373442046467062e+00 1.531153590692376562e+14 4.773297003986508003e+01
1.676322633829840925e-02 1.441532164633028076e+12 -9.761828169670576472e+01
6.326894220762824261e-03 8.501754551627389526e+10 5.329884155343553687e+01
1.111490477442202973e-01 5.963393711164695312e+12 -5.033144120324244852e+01
6.320208037905103993e-01 2.725789646895687109e+13 2.326019396157409602e+01
2.099666212353156425e+00 1.343364310749001250e+14 1.452579133921550181e+01
1.903682329073035362e-01 4.654849876278758789e+12 7.479671627331265782e+00
8.556498116466286774e-01 1.277997486647269688e+14 -2.720745417107691821e+01
1.551550922107480801e-02 5.365748121472237396e+10 -2.736281240605681564e+00
5.585445340946080250e-01 1.212715347094905078e+13 6.211666329668344133e+01
1.854256490960835890e+00 2.606381308119701172e+13 4.253076219129007995e+01
4.326348672960307340e-01 1.856411438786102734e+13 1.171959429076556169e+01
9.136288021011296223e-02 1.405549651579108887e+12 9.173410993957828907e+01
5.803428615238885868e-01 1.263040048746988477e+13 6.250714246713641131e+01
7.258098655028732082e+00 1.525157899725777148e+13 -7.770807234669671004e+01
2.448455807418440600e+00 5.765534530741311719e+13 6.012281311851466370e+01
2.271743618254049579e+00 7.518209872724162500e+13 -4.338199351385838298e+01
1.453290834228937456e-02 7.952365390004182129e+11 -4.563815972696629331e+01
6.734691930453777786e-01 9.598836494572131250e+13 1.688524667138845103e+01
3.490614869445892055e+00 9.912310957521982812e+13 1.416375011935442885e+01
8.017428061009468365e-03 1.284224330303140564e+11 7.006710789535723904e+01
2.566712922289866583e-01 2.491779674296978516e+12 4.239081532038703415e+00
1.107934451800929310e-02 5.182206922797500000e+11 -3.071244823107110022e+01
7.582644130786775349e-01 7.477401959780057812e+13 5.912397037238374509e+01
2.515997214061371778e-03 3.853846993014032593e+11 -4.901877844738523748e+01
4.179567505472789435e+00 1.036866676630642969e+14 2.078442270996114871e+01
1.622547041946518220e-01 8.921182104391024170e+11 1.295465556497682158e+01
2.541809297113559296e+00 7.511155306263615625e+13 6.306916521582530066e+01
1.232840015202896211e-01 6.948426919726472656e+12 8.384600279362140896e+01
8.934138117179486471e-01 3.634868843942502344e+13 2.212747213758143872e+00
9.769872755683195464e-01 1.577392311954979297e+13 -5.046816933404921457e+01
2.242221088619714919e+00 1.166036840322318594e+14 1.403331686721374716e+01
5.188739168771689947e-01 5.553073274864281250e+13 1.995222588270013020e+01
1.127770795812921278e-02 3.798096819216555786e+11 -4.838019158967644273e+01
6.593531700398216344e-01 1.404147499620716016e+13 -7.162921377624095953e+01
1.020397645791092600e+00 2.338894434551037500e+13 -9.837283298657700925e+01
4.009057719523525520e-01 4.875689920769309570e+12 -9.596609893488522403e+01
