2.204867437600446465e+02 1.693379763936557812e+14 1.531634278057864229e+01
2.088751281012298477e+02 1.166859740457542656e+14 1.063098181469198344e+01
2.586810542952938476e+02 9.055181868685095312e+13 -6.955639393167632534e+01
2.238772822615291034e+02 2.140085450655680938e+14 1.049200359033129715e+01
2.475037253029806834e+02 1.201870135550532344e+14 -6.318870258569487675e+01
1.889438535721646986e+02 6.580437209330042969e+13 6.307466119163802887e+01
2.264611168347279317e+02 6.654961338612006250e+13 9.092517697642736607e+01
1.970202895394473899e+02 3.271421969916265234e+13 8.024618769962683018e+01
2.547082335686345687e+02 1.868606944768046562e+14 -7.219075586117715204e+01
2.224530120486481337e+02 5.860522172403233594e+13 -1.326679627780539938e+01
1.116070822693898208e+02 1.177491637237502656e+14 1.679541248338681569e+01
2.581302552006052338e+02 1.088700904304488750e+14 -9.552798433994959737e+01
2.345156915085551645e+02 4.946181083336221094e+13 8.927221232636313175e+01
2.343672414644820492e+02 8.604533757064989062e+13 1.785532506502855199e+01
2.455218850616809050e+02 6.038081892503830469e+13 8.809299124461333008e+01
2.321328660746759169e+02 1.219193140995642500e+14 -2.575159344587353161e+01
1.803341533445698133e+02 1.018634700665057969e+14 9.327974141401944053e+01
2.444333736035900984e+02 1.598826021498895625e+14 -4.379757650270094871e+01
2.419842801527635174e+02 8.447460598513160938e+13 -1.831179390007686436e+01
2.409761114652091010e+02 1.776624037297360625e+14 -5.899480094829711163e+01
2.599251077245858141e+02 1.670301482441031250e+14 -4.996024970090888218e+01
2.093120533758437887e+02 9.839578670709053125e+13 7.192065417466630528e+00
2.139415960075415342e+02 1.973301791772358438e+14 1.557541858899550213e+01
2.599978885911041289e+02 1.637006216479496875e+14 -5.667035288360850842e+01
2.413466736557247714e+02 1.545514555632802188e+14 4.288107257920664495e+01
2.492719640839168278e+02 2.507156880734360000e+14 -1.235426132122220011e+01
2.492591290600445291e+02 8.702169349829503125e+13 -1.830794737054655030e+01
2.419487789214531404e+02 3.594625390115885156e+13 -9.461204197528466864e+01
2.494746383784519139e+02 1.609516681739850625e+14 -5.661614875072922359e+01
2.569335328477810663e+02 1.212467873246535469e+14 -7.141824846840462726e+01
2.592871790659385169e+02 2.076455979352426562e+14 -6.404802348735759665e+01
2.599847715927969602e+02 1.670684839651154688e+14 -4.996024052394120218e+01
2.531705756557179257e+02 8.840692804239035938e+13 -1.833877000836428195e+01
2.367841262499882760e+02 1.257351389776448281e+14 -2.406237967394038435e+01
2.317722627053957467e+02 5.726960737134200000e+13 6.012243769751432154e+01
1.059232808828419365e+02 4.846826469129271094e+13 -7.201195173040365205e+01
2.466056343815549212e+02 2.130670152335295938e+14 1.212734623176866400e+01
2.399313424010427411e+02 1.090312314831766875e+14 8.282177424680679678e+01
2.564348344874399572e+02 6.232392821139257031e+13 6.492571353672541079e+01
9.715856375829201852e+01 9.368705783391592188e+13 -6.017841107333626383e+01
1.465722048192247655e+02 3.037501200817745312e+13 4.658825701035227951e+01
1.234002842117104706e+02 2.186995722970122266e+13 1.113402514608872096e+01
1.928839126419157708e+02 7.730666908668064062e+13 9.101788440220946086e+01
1.680886814341559159e+02 1.608840977591075312e+14 6.611233426193809493e+00
2.574692759452727842e+02 8.730924211092582812e+13 4.838663972413975500e+01
2.548026855930343686e+02 1.304070737373370781e+14 3.405989711397423036e+01
1.736006747925110005e+02 2.768711359963740625e+14 7.964131867965708977e+01
2.484878522049399123e+02 2.191340661544059062e+14 1.568467146308444526e+01
2.312779029651985923e+02 4.296667673112633750e+14 3.684177985106776276e+01
1.654739677393583293e+02 4.385580466611232812e+13 7.512839571472596845e+01
2.100047151968867070e+02 2.175760776337121875e+14 2.029212688655968932e+01
1.015923495283308569e+02 2.431585723681100000e+13 -5.602762021447856711e+01
1.489921567523552710e+02 2.873600144560242500e+14 9.243471694294120766e+01
2.159226263754416379e+02 2.069049634865349062e+14 3.076237514148144570e+01
1.679872300836527188e+02 1.632891725857526875e+14 -1.625987700008378667e+01
1.910507098319285433e+02 1.563485686306915000e+14 5.450332447807451786e+01
9.730030810698968935e+01 2.271407039149189688e+14 7.423417110558902721e+01
1.380228624308424514e+02 2.805941314577465234e+13 4.234476507508026089e+01
2.006233963702995311e+02 2.202542638821847500e+14 6.690774814760143130e-01
1.911738862466809508e+02 1.471226430546736562e+14 1.727076815544779720e+01
2.164667120683225505e+02 3.200037781382011875e+14 4.792694045513874812e+01
