3.287869415472169976e+02 -2.477764229267922858e+01 4.901731121846875538e+00
1.787483542445125408e+02 -3.877468788152877988e-01 5.316947009424005444e+00
3.276112777397325431e+02 -1.093231406176922071e+01 9.323543942363007986e+00
3.926058189574355595e+01 -2.345751970947316778e+01 8.088603794120833967e+00
1.163293033802565049e+02 -6.881440295824489795e+01 2.018190557918611461e+00
1.921870665156003781e+02 -1.818933150818039080e+00 3.233891276515506341e+00
1.323932279750368757e+01 -3.361917573835765949e-01 2.627413988339415862e+00
2.231603770348137061e+02 -5.063454132158610399e+00 1.460782966782817160e+00
1.179771083827734657e+02 -8.244274977084369027e+01 1.820824195720896377e+00
2.749483596797016389e+02 -2.770911757160199884e-01 1.703862093911722164e+00
1.340398145120381912e+02 -1.469232505457130078e-01 1.517467509630215927e+00
3.404784289567161295e+02 -3.653094182514248001e+00 9.688129640494702599e+00
2.137480816617044184e+02 -4.886036817962004619e+00 1.344105769192722510e+00
7.626921556890286524e+01 -5.108968096612218801e+01 7.536203519004015305e+00
9.421704745772467859e+00 -1.333507194083184966e-01 1.005921364123755435e+00
2.627470396076765269e+02 -2.468216706793243675e-01 2.244996585987449222e+00
1.477833941262861686e+02 -5.980353821958928506e+00 2.881542489748402769e+00
1.786934236631638271e+02 -4.663080549969878774e+01 7.247860943385848742e+00
2.445556253867135013e+02 -5.468953922588901229e+00 4.031523888358970353e+00
1.545724689498934481e+02 -1.439705302949229271e+01 4.945339053450370947e+00
1.374902809811175644e+02 -1.273648493176659890e+01 6.712078939573626890e+00
1.005687761547428494e+02 -2.695263891942170087e-01 6.245785300114000016e+00
3.408182217022578016e+02 -2.112914261200038979e+01 1.028306064560567057e+00
2.726782953506418039e+02 -9.883050369651251721e-01 8.998494758087899115e+00
2.464101463294345820e+02 -9.976164430232353553e+00 1.365015857018882839e+00
7.731135702205440907e+01 -4.734853589522783679e+00 4.825414111558318453e+00
3.124692158996468550e+01 -1.179363214527414661e-01 1.188801726608799347e+00
2.567130665778175285e+02 -5.575525701843891957e-01 1.983384455477251063e+00
2.423276232477767564e+02 -4.154112357816317491e-01 2.539069731168337007e+00
9.976233678093917945e+01 -1.632918984066720203e-01 9.603369997317679818e+00
3.320898133745538416e+01 -2.352630502094497089e+00 1.736473861396614637e+00
2.632903568372331051e+02 -4.154032958292376287e-01 4.140453254094349944e+00
3.418159365836754660e+02 -8.064736887013837507e-02 1.147985334123496237e+00
2.956325863643821208e+02 -1.736407969889826319e-01 5.353291413673082033e+00
2.700896152257093377e+02 -4.033815483427393644e+01 9.552454119941701904e+00
1.322492737047037110e+02 -7.017076460431923124e+00 1.304525406155639722e+00
3.154531262302029972e+02 -2.950366107802182003e-01 9.508996952757865273e+00
2.854211834347378272e+02 -2.664569728886595268e+00 9.712212224592116527e+00
3.487194740504374977e+02 -5.399508407162311840e+00 1.592925132200637917e+00
2.763525918239142811e+02 -2.897062718072261345e-01 1.623258931193690691e+00
1.936767521288924740e+02 -5.495108943380466293e+00 6.825895115090970577e+00
7.109406348668555609e+01 -5.535988336582791103e-01 3.667257621403352985e+00
2.807286406101308671e+02 -5.190136930661944348e+01 3.340937723972957851e+00
2.607785458280832245e+02 -1.386732816760483766e+00 2.490156971959842203e+00
4.683121980134905016e+01 -1.364934733776343112e+00 6.164399002504528546e+00
2.772605219063518689e+02 -1.751331913322759171e+00 9.562172128534852433e+00
2.122652646591953385e+02 -4.491695822073695776e-01 3.990246751435760686e+00
1.209434190170239560e+02 -9.589704740745300104e-02 1.332451697519308365e+00
8.599296325294017151e+01 -3.275335619960760170e+00 5.983269123253264432e+00
2.199909000348138761e+02 -9.631814188460330328e-02 9.509426085900564374e+00
8.076443724397991275e+01 -1.236204728346062404e-01 1.363633599196134139e+00
3.096427786131777680e+02 -1.162378846964740120e+01 1.012402095185532147e+00
2.387703732169804880e+02 -1.706236732360431319e+01 4.095463387496116603e+00
2.596553889176973939e+02 -1.353038769775820827e+00 4.023589947549287338e+00
1.085445973569537301e+02 -6.174564204650101473e+00 6.380190776953954312e+00
2.904095871375711795e+02 -1.374490892128108932e+00 9.206302010689151771e+00
3.525138789515067828e+01 -2.991928980397380755e+01 3.681762105547312647e+00
3.100627789298575863e+02 -6.718683026573565087e+00 5.170825660073619545e+00
3.389012108266920791e+02 -1.908709761274030825e+01 5.662839392327558841e+00
2.295783822479008336e+02 -5.995735568847456065e+00 2.186839595044564710e+00
4.086002028086368476e+00 -8.352239160157154396e-02 5.073615360198829194e+00
1.288367404056105272e+02 -6.117483645998373909e-01 1.161657780220621161e+00
3.422748739085402576e+02 -7.043700540555328238e-02 4.295911755905535756e+00
2.215700034291515124e+02 -1.326886922849337935e+01 5.076394423947068191e+00
5.402447544905528787e+01 -1.640368483428269641e+01 9.352602650532809037e+00
1.204098577102049887e+02 -2.931610353790459200e-01 6.653265940552788749e+00
7.892349801469278248e+01 -2.680238485245318358e+01 5.357464166375397241e+00
1.040211680457309740e+02 -4.080886698645750243e+01 5.096246324591573007e+00
1.492010440817980452e+02 -3.179687145616469368e-01 3.113450324082243093e+00
1.646963908428861885e+02 -5.600848463836072266e-01 6.452903037126123564e+00
8.671368181619079962e+01 -2.674871567538056105e+00 5.814373274564379024e+00
3.100222304092546324e+02 -5.829829722848465678e+00 1.196571856537429479e+00
3.338156736920145136e+02 -7.982812521149577378e+01 4.824951104724721773e+00
1.674379426798428483e+02 -2.319290451819342902e+00 2.105025707174937644e+00
1.005523915622772648e+02 -4.003231028819760340e+00 2.388184834465679973e+00
3.191105750327177475e+02 -1.249519607817999312e+00 3.510594843182692326e+00
2.954299267422193793e+02 -3.921525630385927030e+01 9.998829368511380267e+00
5.875873712706442831e+01 -1.636940927410228674e-01 9.658846238015941665e+00
1.069662270135141036e+00 -8.512225886950403719e+00 1.575324564429543939e+00
2.906819739278284942e+02 -2.543639060136163588e-01 6.634668185249003258e+00
1.542436854690742223e+02 -1.802891033307999491e+00 3.261215509841399740e+00
6.680365360661062368e+01 -5.008909265655808740e-01 6.561115301201651206e+00
2.511907295961653688e+02 -1.092642188735621633e-01 1.287629323061234787e+00
3.530745009781750809e+02 -7.373393124355334116e+00 3.070574612594074715e+00
3.428252478644630514e+02 -1.112859969135594440e+01 3.964758239927059336e+00
1.118152333620774499e+02 -1.070175074957390038e+01 1.935287038503534118e+00
2.994818843157623292e+02 -1.517149866429226446e+00 6.275325660785807891e+00
7.240205332591310139e+01 -7.268601083776556493e+01 1.267374246613844901e+00
8.647858196681109177e+01 -2.656761491969694688e+00 6.422856635999949937e+00
2.249576791111567502e+02 -1.823873727598237238e-01 2.001032683809301549e+00
2.936227374723922878e+01 -8.876816075592393329e-02 5.580455213305236306e+00
2.991631420874252285e+02 -1.240513605300121031e-01 2.906493852588299731e+00
1.899472939962743112e+02 -1.495843112898417004e+01 3.246545666015272058e+00
1.054708433062953361e+02 -6.072029593408097004e-01 9.843213077108124764e+00
9.577571726039866462e+01 -3.384156219582896252e+00 4.344962549583940792e+00
7.918425351694560277e+01 -7.863431746277330103e-02 1.315459542081955036e+00
2.263142711509660501e+02 -2.059959528744345625e-01 3.841544070751754525e+00
2.656679830936644748e+02 -2.456189111059466079e-01 8.094199280564934540e+00
2.639134067867745870e+01 -2.208809662876572988e-01 5.002120990549154378e+00
2.806117122600716129e+02 -2.140346606661889339e+01 2.594509187270572781e+00
9.892816957668235034e+01 -6.558103576714890970e-02 2.400250893809446673e+00
1.814310693553871658e+02 -1.797729434103617907e-01 2.536776163088234171e+00
3.414305820675346013e+02 -1.010580263782189459e+00 3.050962243113074734e+00
4.268101616937527432e+00 -5.138032352563990379e+00 3.784120415510028312e+00
1.803347589780919975e+02 -2.244431393272620312e+00 2.103167580415330473e+00
1.665153794403428265e+02 -1.028932028190100212e+00 2.171476961425371055e+00
3.595996704509548749e+02 -7.746170275042766340e-01 5.659317746797151827e+00
3.213330076548579086e+02 -3.039507939682534743e-01 1.243745902658621061e+00
3.048702932405108754e+02 -6.432965056829635841e+01 2.298623222605048255e+00
2.579316068506581701e+02 -3.792303647675487355e+01 1.249944816582689189e+00
1.943924846687839363e+02 -4.123852804036538089e+01 4.710725287342149237e+00
1.833306030381745586e+02 -3.387496396541387900e-01 1.192197181095535408e+00
2.527886435068201934e+02 -1.030352174635894125e+00 1.090951202457142166e+00
5.108929696854711544e+00 -2.373638740494461885e+00 1.265033749407812991e+00
2.009597181896063205e+02 -8.213113556031301243e+01 1.961981016570536029e+00
3.355672917777081352e+02 -9.383013864330802534e-01 6.228661472264115595e+00
2.160601335196643902e+02 -2.168466861051462080e-01 1.277569028916263560e+00
2.499345220090112889e+02 -9.002413274777183005e+00 8.025147907236782174e+00
8.755359382320447992e+01 -2.818799334861588624e-01 5.853371335009539322e+00
2.869645691942013173e+02 -1.198134902256142986e+01 1.158339517670600394e+00
1.280255177308605710e+02 -2.197286130712343777e+01 7.503387507532606193e+00
1.466729479365071711e+02 -1.134730574787445789e+01 1.054360936758104383e+00
2.866007176405527730e+02 -2.840466833614166831e+01 4.441904074698168614e+00
2.769244254719263836e+02 -7.645094166113756140e-01 5.724156962510946300e+00
1.915181689197224557e+02 -8.997754469347515993e+00 7.049371307272092935e+00
1.014090967306368611e+02 -7.427271919671556422e-01 9.481385413417980246e+00
2.671601426262661789e+02 -2.836374307233074177e+01 1.395281919659993264e+00
2.066624652181114357e+02 -5.918904236333572655e+00 1.040179222721707486e+00
9.875292343652411375e+01 -6.305981982637044458e-01 8.766958507145790946e+00
2.086009535196853903e+02 -9.277542993509452884e+00 8.666211746062767673e+00
1.724491680763406976e+01 -5.357681353937664426e-01 2.952981340254722475e+00
2.836141794188428662e+02 -7.242529916578185900e-02 1.778427183950754831e+00
1.995093184755442053e+02 -2.656282990956369439e+00 4.854484501991782608e+00
1.914153268976226059e+02 -3.027660507759032948e-01 3.656061161298833628e+00
1.223896579112391976e+02 -7.743621244015210792e+00 7.443709700327508116e+00
1.997235098003550036e+01 -7.942046283263064221e-02 5.928506034116385770e+00
2.509030469061140423e+01 -4.202985529289775535e-01 3.703284419176988251e+00
2.430253610035907172e+02 -1.921425225816369542e+00 1.082369852172296643e+00
3.222813420997105709e+02 -1.690998999066264830e+01 3.172565770560277887e+00
8.991296361753446931e+00 -6.363375688340487668e-02 3.969530965417534585e+00
3.220192055776295206e+02 -1.260104732119780202e+01 2.633832729632084924e+00
6.976504177023976183e+01 -1.461265408492197493e-01 4.017688188935458093e+00
1.798209919637368444e+02 -1.015543118053517624e+01 3.177147022895117079e+00
3.174414909314475608e+01 -1.275642062652766195e-01 1.834144895153317911e+00
3.178122738671301022e+02 -4.827559153613483645e+00 7.349596292834457145e+00
5.200124251406728604e+01 -1.983198710377233054e+00 1.607461144391778785e+00
2.341033230381870851e+02 -3.952280466711502349e+00 1.004192800514142947e+00
9.492474655264334160e+01 -2.050675837760789488e-01 1.163264733374944182e+00
2.487189519330165126e+02 -7.283286309373482315e-02 2.365326618461228936e+00
1.843846120011251628e+02 -8.823751094819915863e+01 1.809262958543375932e+00
1.526734969533926005e+02 -1.511742325280811317e+00 8.882317378993926482e+00
2.767412102989543996e+02 -3.093867059065029679e-01 1.292478011600219912e+00
9.889883998311312041e+01 -2.114974494287470108e+01 2.130833234415756117e+00
3.544283581639224963e+02 -4.676506532979406217e+00 4.910507024547149157e+00
1.246141405184175284e+02 -3.462359249152301999e+01 8.160644969501225532e+00
1.035400061400706306e+02 -2.675917141396255161e+01 1.231415411113762959e+00
1.805419423500120502e+02 -2.296002191242990431e+00 1.081046899678053341e+00
2.495338417741116643e+02 -5.886121976735828554e+01 2.937219179376770573e+00
3.409163887438440383e+02 -1.685962818181839395e+01 4.775345610736127178e+00
1.940520027723423198e+02 -6.603492887871405514e+01 1.300009871405376716e+00
2.846377962524770737e+02 -1.496143411868448847e-01 2.844623853566596416e+00
1.980447354148246575e+02 -6.581931485307538354e-01 4.080898883312485736e+00
8.614046294185367003e+01 -1.019658294864958376e-01 1.108785099283748687e+00
2.721707039021362675e+02 -2.261674861870793762e+01 2.072916309649615485e+00
1.081785445701832487e+02 -2.939794968518406826e+00 9.477743319612507378e+00
2.477153519143313645e+02 -1.743227592115509372e+00 1.110347748273222024e+00
5.061679167618027009e+01 -3.792351305188790711e+00 2.871557598469054451e+00
2.387095970254353716e+00 -4.801738048294708627e-01 1.079629055774122381e+00
2.151793323658285431e+02 -1.119885700443534610e-01 1.180910888893539124e+00
3.012206416849532502e+02 -2.378612131333304802e+01 1.259577490384815812e+00
3.145855776247389031e+02 -9.001801338961441801e-02 3.537833718052465048e+00
7.967979904681932624e+01 -1.231837874537262900e+00 5.332347244717873025e+00
1.241749064789424466e+02 -2.210661858539016145e-01 1.743255858953811188e+00
2.004532263186475518e+02 -7.961034091900590859e+00 2.294488604480512173e+00
3.251168195708297617e+02 -2.960310567301860729e+01 2.569882700437800871e+00
1.950649900271916692e+02 -1.559665412176784827e+01 7.077822801651196372e+00
2.638904990207324204e+02 -5.616375383984813396e+00 2.841631956552814309e+00
2.886964824076961804e+02 -5.572215360074578427e+01 1.698926825857842271e+00
1.601142292733515262e+02 -4.800739016332890019e-01 2.336058353096347684e+00
3.330754279415169776e+02 -5.359094576076087968e+00 2.153327844861325335e+00
1.423476180326398435e+02 -1.196049910245926273e-01 1.460399749810479264e+00
3.406427080231915738e+02 -1.115500996357875613e-01 7.916396888081437488e+00
2.843007685943999832e+02 -1.311540164642821304e+00 1.150928196278391491e+00
6.826566555644166101e+01 -1.079569544505924461e-01 2.146069697424113798e+00
1.343707443772832022e+01 -6.984308160497576523e-01 5.965185092200012029e+00
4.291011656329455093e+01 -6.940079366012845696e+01 5.154428315799919780e+00
3.202617435433338642e+02 -4.042323992327623849e-01 1.053604934362365242e+00
3.444148474890930629e+02 -7.275706760061555478e+00 4.936192793700459269e+00
1.297141561989157879e+02 -2.177022323081364286e-01 1.532563170719474455e+00
3.073007871388103922e+02 -2.935574908096735935e+00 4.508061160627842234e+00
3.428486828793998598e+02 -4.531271409021988461e+01 4.702356393840931403e+00
8.931040684219200898e+01 -2.244329991099319466e-01 3.127183443440390231e+00
3.495858399924521791e+02 -1.546903006624411958e+01 6.580991605865810889e+00
1.779231429660418655e+02 -1.860782192447291372e+00 9.863938235822967471e+00
1.931628858287313051e+02 -1.115818193048192936e-01 1.597471126209936365e+00
5.645245381037928212e+01 -5.565101513622829010e+00 2.338465521033793237e+00
1.067157882027564142e+02 -6.383120972294730189e-01 4.583683293587760943e+00
2.810172025915328220e+01 -1.085836501486637795e+00 1.352761910213878149e+00
1.757714853911944033e+02 -1.966159990411088021e+00 2.417647228426668349e+00
2.636964029119430393e+02 -1.165896892139366842e-01 8.396219013899905548e+00
2.233518829273146196e+02 -1.543527741462808223e+01 1.155922403940021326e+00
1.502239935460498543e+02 -2.203843121392950977e+01 3.822590199551779033e+00
3.363451956599818260e+01 -7.117742231637139128e+01 1.375002465548553321e+00
2.689793477733844185e+01 -6.956088199453139831e-01 4.407091211776076989e+00
1.844358528063446272e+02 -2.673393405772321074e+01 1.604022421234603035e+00
3.399407325871317767e+02 -1.678454743021100537e+00 5.889890770814293575e+00
1.691864158404313656e+01 -1.363540024854444643e-01 1.081090371552325680e+00
2.395223281302464216e+02 -3.668324410005759706e+00 2.192512565153496684e+00
1.163788021854814616e+02 -2.572101379182181180e+00 1.650849742843195411e+00
9.138209559964617767e+01 -1.170456294266506991e-01 1.242574785679798177e+00
3.343901869047480204e+02 -5.268036070426038719e+00 2.644110986600421764e+00
2.148159702800492425e+02 -7.106861456699499868e+00 8.431464557846549468e+00
3.536835652783923365e+02 -3.949424848006111688e+01 5.212888299757818089e+00
2.059423847794354003e+02 -6.680222549774395446e+00 4.639072874264513757e+00
1.249036362967330973e+02 -5.410357989665330436e+00 1.487758002024525794e+00
1.076414807224086587e+02 -1.645465147216947921e-01 1.380012694559052955e+00
2.707761684292526070e+02 -2.156919357911848323e+01 1.004916375105290749e+00
2.174862590252520533e+02 -4.582317903599088282e+01 5.065513588684085633e+00
2.708097539157599840e+02 -5.514710194959551171e-01 1.129816350924270685e+00
3.098281622079181830e+02 -4.048051707297847912e+01 2.390185878991851087e+00
3.222359853978773572e+02 -2.074530106711264921e+01 8.300629296580584793e+00
1.863317127972992182e+02 -3.758522573523836119e+00 7.779948064172364397e+00
1.294174621093564213e+02 -1.262857602485833730e-01 3.041531225937092131e+00
2.450495639477271936e+02 -3.352551292916603476e+00 5.354680988014402843e+00
7.227805877261833700e+01 -4.180145076204889421e+01 1.394580318306352096e+00
2.902344773875188366e+02 -1.912316652722917398e+00 2.089601925308762542e+00
8.656918149459981748e+01 -1.113223035432662655e+00 3.770768333202010769e+00
2.211038189764766457e+02 -1.249681307215548542e-01 3.476549873198279350e+00
3.457774792077423740e+02 7.180547129267804252e+00 3.960397413875004435e+00
1.475039060014547658e+02 1.373853870667758059e+01 4.451527315766181658e+00
2.554078980574880973e+02 8.950204726282693812e+00 2.667826065058779506e+00
3.280232172491375877e+02 5.035829246671832404e-01 3.722757731057177999e+00
1.798438733710650297e+02 2.036816711359558241e+01 1.649732647910995276e+00
2.430558881746854638e+02 4.538729048755920648e-01 2.082696356842030472e+00
1.999728535197558301e+02 9.387915810305019759e-02 7.697948207713190882e+00
3.499939301798635825e+02 3.244270991336806187e-01 1.436887817272456846e+00
3.209136416124036373e+02 4.245927127018001013e-01 6.117397790305016514e+00
6.448889083512368359e+01 3.908943181210097206e-01 1.812814401058028713e+00
1.743312787590682547e+02 3.375457464247861861e-01 4.677638249344864718e+00
2.809440904321369885e+02 4.243297983429168596e+01 7.260973384972590594e+00
1.514439026465683469e+02 7.978734077873525510e-02 3.430769072326361968e+00
3.393049688063543954e+02 1.920845432886529869e-01 1.055823024692543299e+00
5.994766061189782391e+01 4.127960449040068980e+00 1.398765609544139865e+00
9.692131903755254996e+01 3.590772333781835912e-01 1.685116481512509923e+00
3.718394341350230725e+00 4.722897298413754186e+01 8.526566939220101560e+00
3.214984218571311203e+02 1.326507182790777950e+00 6.931461996173442941e+00
6.876083330050774123e+01 9.730447574912722830e-01 7.340429411904637824e+00
1.867392633312029488e+02 1.372529299069293440e+00 6.678415690938994231e+00
5.708976188326965229e+01 2.240388831185866902e-01 5.762030471986632207e+00
1.335556683088586851e+02 9.522146488358196326e-02 2.221969321704411193e+00
1.935025616248611868e+02 8.396488880700838209e+00 6.008698188486755853e+00
1.390846325018239327e+02 5.342833224302618866e-01 1.399802510141588963e+00
2.124520933937879192e+02 2.009952899300121665e+00 1.046636475601202543e+00
2.893740247186671013e+02 1.785516352059231260e-01 6.649470104224231015e+00
3.068277915541144694e+02 1.052423527726902286e+00 4.122422755800616123e+00
1.110832986889820972e+02 2.461244949161977669e+00 7.887577686403786537e+00
5.345965340456895376e+01 8.006787764198050050e-01 5.930281883025943834e+00
5.553176851925751834e+01 1.941265668141674450e+00 7.479854927633796891e+00
2.501811953697584556e+02 4.639345693210569976e+01 2.606169202589329714e+00
8.135757294615164881e+01 1.243745851033291050e+00 3.936710808821660912e+00
2.837265065698236981e+02 2.888073700086002393e+00 2.273140900554768695e+00
3.321666608107299368e+01 2.809674045603063330e+00 4.176812039994040937e+00
2.246883692493979368e+02 1.244350976810999626e-01 6.400629010379311090e+00
2.943832033962750643e+02 1.824422743414664794e+01 2.330636449106870511e+00
1.409002408502492187e+02 2.825828899451419129e-01 3.291036601952896490e+00
1.124150363493826319e+02 8.158158074352465927e-02 4.484966970976467238e+00
1.011527442945987900e+02 4.603484182960214111e-01 7.035179763662021912e+00
1.989484007219165562e+02 1.712971581227684670e+00 1.975433121685255644e+00
9.898553786013937383e+01 1.468239903976986227e+00 1.905581444586526008e+00
9.486769957309604706e+01 6.059511593768540649e-01 1.139071035852202263e+00
1.216800025094644582e+02 2.053062524700326108e+01 1.525909931235053474e+00
1.262605054623892045e+02 6.303758629536670810e+01 8.080524854889324260e+00
8.328039352105164994e+01 2.318407085943828827e-01 9.355343818600758254e+00
2.365439907215552466e+02 4.583834265775654226e-01 2.333130047918365868e+00
9.111066356000861788e+01 1.712197299637506220e-01 1.100169980290352401e+00
1.559448516015641530e+02 7.328266381173681054e+01 2.519397151426690851e+00
3.421317293468334242e+02 1.178668766711928662e+00 1.017032760988190621e+00
1.821876361778032845e+02 9.924853480053895394e-02 1.644128244468755273e+00
2.339946089912616287e+02 5.235851359215484280e-01 2.865225747801844136e+00
1.348292417566738877e+01 4.905931821151689576e+00 3.627859765506893819e+00
3.137087338153668270e+02 4.210903686510896904e+01 3.057587512590396184e+00
8.775691506520058738e+01 8.413893904282355507e+00 9.504266403325061674e+00
4.903720761402831840e+01 2.474129003642889790e-01 2.389078981239503907e+00
1.074143076782246737e+02 4.198329105648133464e+01 1.737217791877461170e+00
1.939650734817548141e+02 3.382890433071842118e+00 2.641780726503001997e+00
1.145054565707108623e+02 5.271037503838637406e+01 2.372718887329942294e+00
3.502735263835662636e+02 1.508203852053534022e-01 1.042879980972141851e+00
1.479593561544135127e+02 5.110636761891937851e+01 1.068938565798759788e+00
1.699011466672925508e+02 4.366484843570531682e-01 2.190729595171458488e+00
6.827199988843602796e+01 8.991508871286253424e-01 7.295490123069962252e+00
1.385996216072102527e+02 6.062847138855279638e+01 9.403232491134790649e+00
1.019059929921483274e+02 2.081346275407851110e+01 4.008277939028897841e+00
2.251893220836351190e+02 1.616734054698697687e+00 2.273308661317298807e+00
5.342956459917875378e+01 9.462415660505533177e-01 3.194530023335050650e+00
2.176078594718712793e+02 2.772885632186312121e-01 4.742299003913134747e+00
1.728172173272812699e+02 8.638819114648214281e+00 3.779242213893228897e+00
2.149705671277308454e+02 5.130192985883241796e-01 9.080283740257399927e+00
2.585617645976676613e+02 2.258326836045375785e+01 9.705508354203310262e+00
1.244280658515027795e+02 8.080433079013397968e-02 1.449302754965055229e+00
4.159585041148846329e+01 2.975082462551978946e-01 5.719583382148922368e+00
1.802123061147731562e+02 6.183761854861938900e+01 8.923248831254740665e+00
2.870521772943744168e+02 6.208060014611912480e-01 1.670478325636119976e+00
3.391707599994745124e+02 8.643849485113122566e-02 7.363671499946236487e+00
2.380693864139435618e+02 3.306976753943836056e-01 4.691599750535770497e+00
2.976223321287031354e+02 6.422928817327689899e+01 1.011604994430987503e+00
2.190026650057978941e+01 1.426098116550129080e-01 8.476413440344586547e+00
1.307922231991969397e+02 1.505950873967251624e+01 1.647420611124503775e+00
2.481652154331368081e+02 3.014968345485049639e+01 7.237685939106031086e+00
8.930740377308286781e+01 2.572632260887834921e+00 7.446113224438994038e+00
1.968016546549699797e+02 2.666828524222864871e+01 1.292866129555243271e+00
2.285982497924145775e+02 4.902396285306038770e+00 1.750029117385603294e+00
2.187091453917757633e+01 2.740929224060564273e-01 3.720979848957743030e+00
1.378861451899391568e+02 9.698086595881715288e-01 2.824192847459633171e+00
3.229910225584872023e+02 1.102704271784096868e+01 6.388950232401877649e+00
1.161929925817890137e+02 1.043903358436345741e+00 9.712937253797353065e+00
3.509646446107580573e+02 2.548179329453444941e-01 6.022329595700394833e+00
1.439233396890289782e+02 5.621566452065517305e-01 7.106844298432892337e+00
3.478205878883771902e+02 1.912546180597000989e+00 1.566190392490713457e+00
3.347626336732459151e+01 9.258615242033062243e-02 7.724635136513611222e+00
2.458394581469454110e+00 6.255395091081754089e+01 3.334024488571526224e+00
3.189674692969649641e+02 2.540303853003564427e+00 1.417319953089699158e+00
1.035615985520651066e+02 1.066387904248012575e+01 2.071870276635342734e+00
1.179797906906545961e+02 1.435717206657706591e+01 3.443490671810857773e+00
1.241128234068087153e+02 1.938668490451343207e-01 3.961405539828573907e+00
1.038961827698783793e+02 1.403419583932010939e+00 4.933202066795038476e+00
1.209112624468153001e+02 4.979594571610363829e+01 4.631653495007094001e+00
1.136629247467443236e+02 2.087188108139740983e+00 3.683114576708571342e+00
2.551091212716859502e+02 1.189718135382139830e-01 2.690823344432946573e+00
2.385980054877034462e+01 1.637361784180316748e-01 6.601147777021787455e+00
6.196884788526244847e+01 6.273019134046668555e+00 1.299777459745293129e+00
2.713521908453595302e+02 1.397469984403593202e+01 8.046762776776335002e+00
1.584378069946217806e+02 2.914660150381954296e+01 1.634627680600915456e+00
2.172831209416029026e+02 6.957284255388155314e-01 2.948595561273500643e+00
1.333279172299428694e+02 2.990098628734517705e-01 2.006250506216127771e+00
1.985601172667932133e+02 6.092348605481197410e+01 8.071821090412884203e+00
2.271446041713012960e+02 5.480229399720042238e+01 9.509321120286612583e+00
3.322446133952781793e+02 6.658762010169864709e+01 4.083000346712548634e+00
3.153697992139155986e+02 5.843913031523789492e+00 8.335645825196195347e+00
2.470144963177253601e+02 3.837114568648561930e-01 6.160440167630386377e+00
4.248300014392420820e+01 3.111559842514149410e-01 6.368644528919630510e+00
8.545264232937219617e+01 5.808007039211875444e+00 2.036549473525147924e+00
3.257945848269478120e+02 2.721357203772480204e+01 7.556675090199301614e+00
2.435372936399259203e+01 7.342155960638934165e-01 8.910472790292526923e+00
7.320498626827728117e+01 7.480768016702451462e+01 4.457639256481602530e+00
2.408834867825877382e+02 3.159453735438201294e-01 1.186136561410950474e+00
2.498052270753551625e+02 4.125582925699307069e-01 2.953930676249255871e+00
2.117314971782936084e+02 8.158882828527969089e-01 9.467537245997307949e+00
9.645043878200829113e+01 6.128017250534536231e+01 1.714238407915362084e+00
3.059906064890240600e+02 7.369953071827156421e+00 2.631338254749540972e+00
2.689010092115880184e+02 6.767999170047070834e+01 2.172114442659329736e+00
7.962361477850814495e+00 1.013387990745354544e-01 9.477738336591219337e+00
1.999235392547398362e+02 1.919058278748433466e+01 1.440067390622675747e+00
8.543569887965246323e+01 1.900488596173870448e+00 1.805595186666994145e+00
3.204890753140879838e+02 4.219841278101003290e+00 4.664262318907841376e+00
1.866613014625149560e+02 3.190843233267905088e+00 1.129336628441953705e+00
2.121479995312210747e+02 6.278502605948414750e-02 5.773739879970651856e+00
7.499501546669442575e+00 1.579521605366004611e+00 4.032346267736389045e+00
3.580866766366567049e+02 5.471726522447609042e+00 6.628113927868667155e+00
2.939801375436250055e+02 1.115859982661558192e+01 4.832603017300407977e+00
1.979050371451346848e+02 6.089120061199588818e+00 3.000029603737310424e+00
9.189430587830142372e+01 2.286291063644187438e-01 7.756015152526763323e+00
1.178697565256663182e+02 6.447349032403865010e+01 2.326793873250621925e+00
3.328321429481490554e+02 6.382829863253443925e+00 1.712389278400490822e+00
2.225693590871455285e+02 1.015037463700103393e+00 3.312461340475125304e+00
3.387401565360486302e+02 2.369106572060950811e+01 2.129515144579906316e+00
1.698475367853548903e+02 1.376955030186954587e-01 6.456086303438270946e+00
6.786767320521434499e+01 4.335028996788937161e-01 6.119291031084993726e+00
1.163660509903179587e+02 1.280260228665609290e+00 5.827240890075350066e+00
3.024121502427747146e+02 8.034616777566989942e-02 3.585049900685384650e+00
3.565261656100200405e+00 2.928236124476342539e+01 1.278441257487305638e+00
8.734433498705033116e+01 6.865304747503494509e-01 3.442227676997867469e+00
1.850653578551894896e+02 5.242280425858235837e+00 6.113167518915360255e+00
3.769890265532241358e+01 1.712986816812864133e+00 9.792032543835945901e+00
7.401812883098597240e+01 7.174567219419643038e-01 1.115287938826391656e+00
2.699219066958612956e+01 8.097113632034089292e+00 3.211904880436108112e+00
1.544331049216119425e+02 5.304872907528519477e+01 2.320294469667909087e+00
2.887677160663780569e+02 1.267356220626488117e+01 3.881526316635736773e+00
1.210390760611183083e+02 2.094303595453247269e+01 1.210371963219142089e+00
2.668442045578423745e+02 8.994846508004585850e-01 7.585345497941074377e+00
1.727797300332430837e+02 2.891734271799739187e+00 1.810999891290038466e+00
9.171600856883154052e+01 1.865933062363396067e+00 1.113032223958390077e+00
3.153639550816980659e+02 6.417489096914386071e-02 9.716015980908315086e+00
2.082520505431768072e+02 1.238893715734797674e+01 2.784699011095377319e+00
1.851946119984973791e+02 5.512564712604667960e+00 6.041208389009063318e+00
1.847653057235706697e+01 6.120915674794228378e-01 4.087273253208278945e+00
7.218408779161192967e+01 1.629327455155705762e+00 3.297248629979726786e+00
2.001869832627905055e+01 5.593673904188481316e+01 8.761379096440348846e+00
2.894811184644685795e+02 1.207400118775225195e+01 1.073068279161559557e+00
1.746425415599371433e+01 5.177879893550797163e+01 1.678738394254359001e+00
1.723387203128670819e+02 6.382455537590485051e+01 2.728244042642706813e+00
2.006861424156874989e+02 2.400351249307271506e-01 6.059985688777806523e+00
2.660955691274286039e+01 1.332463423417170167e+00 3.228226365621650107e+00
3.207796811742612135e+02 9.336692645587305606e+00 1.887801868793308024e+00
9.491247443463933564e+01 1.476856731238112097e+01 8.911758029700703077e+00
8.987318747015304865e+00 4.212206833026676533e-01 1.976830307138521148e+00
2.774387233800132435e+02 2.240738506074883840e-01 2.243430409922450686e+00
1.325220537980069366e+02 1.883505417007941829e-01 1.200352607828038431e+00
2.276568867856394434e+02 1.304970827967009406e+01 6.928102909812849930e+00
1.267565192409591361e+02 1.047343084203186114e-01 2.506246434844740634e+00
3.162312218437192541e+02 3.136282435233465193e+01 1.293999056317748364e+00
1.447781535777604063e+02 5.009317725262331100e-01 3.436589683095072179e+00
1.517568377611493986e+02 6.781336797779048409e-01 1.346183958900573296e+00
3.379000261305799881e+02 2.577678552825560843e+01 8.026869431958061796e+00
2.225031307348874634e+02 3.969659698331925446e-01 1.084606993095258209e+00
1.725498134262978738e+02 3.852461498076887869e-01 1.192401927918543159e+00
5.603391316431866187e+01 2.274338367288896379e+00 3.703782852093729705e+00
1.146520097566946390e+02 9.311506541290673344e-02 2.758615146965480935e+00
2.568604941605897238e+02 3.016607405949605081e+01 3.927312394264236506e+00
3.143480124373225770e+00 4.394613207840060376e+00 8.806533979018809077e+00
1.734641532582674301e+02 3.333242015542371206e+00 4.414465067536808007e+00
3.303567960071967491e+02 1.482718065044310141e+00 2.892618238963391875e+00
3.598762057637154044e+02 1.325120886007211951e-01 4.790508196444629441e+00
3.179149053033926862e+02 4.651140952865653588e+01 1.045144680489809685e+00
1.363386214191926058e+02 1.189459336618405638e+00 5.468490447153215861e+00
3.751477456552380119e+01 4.938504716571188169e+00 3.830633030061454392e+00
8.882121803814941075e+01 1.209836173343038546e+01 1.058479493597174859e+00
3.597427872597938858e+02 9.820106147194074708e+00 2.933480132198917012e+00
7.207918314011197936e+01 1.967824707991540079e+00 1.054163346165496895e+00
2.586101919331932777e+02 8.973559890327485744e-02 3.377686691685509945e+00
3.264913959986093239e+00 1.243989951793955384e-01 1.158820733913256573e+00
9.094729981255099460e+01 3.636036366183790136e+01 7.049815957630757524e+00
2.778194389272780285e+01 3.431386225939745960e-01 3.799497031952746351e+00
1.693960610108299534e+02 1.115452649431390109e+00 8.334819986139910597e+00
2.453223687507657758e+02 3.515667776010177326e-01 1.968642789387129222e+00
3.322819427733971906e+02 7.649975608804365779e-01 3.473695785980764672e+00
1.898640965994255794e+02 1.373239438370648102e-01 3.534949251079784194e+00
2.975570273327876976e+02 3.618730608150942274e+00 1.992322158283154510e+00
1.179949097723204972e+02 6.027866637333842426e-02 5.443385263555487796e+00
2.334317090028736743e+02 2.124427465269033810e+00 1.487611309679206961e+00
2.570421893687118882e+02 1.012507043948946084e+00 8.980215908224515431e+00
2.599784776301112856e+02 2.544515527844181779e+00 7.672370042076842367e+00
2.013904721235404338e+02 9.544266663262095107e-02 2.452619745741682067e+00
2.819810008431679762e+02 2.008830470212103236e+01 1.874880074510013150e+00
2.723403305244588068e+02 5.555239998768256271e+01 3.082311583176843950e+00
9.198401754152284582e+01 7.427334210682107196e-01 3.712712584768304236e+00
3.403827303445832513e+02 3.449856507756593693e+00 2.048758509740754796e+00
4.252514068363475452e+00 3.564344122593705588e+00 2.831364210551975180e+00
4.148525948552014597e+01 4.804188467043066169e+01 1.201416393044563824e+00
5.541235650432896165e+01 2.782001766760191330e+01 2.093414093715418645e+00
7.629892936753633137e+01 6.587617528240730280e+01 2.456786216779958565e+00
1.480439809829432249e+02 2.018389731375747620e-01 2.393995653850685468e+00
2.706112247252107750e+02 1.550136252260832315e+01 2.572855433892029087e+00
2.133490854902110812e+02 6.881919679764979259e-02 3.340930757066553181e+00
3.429951047495226248e+02 8.813014543840408166e+00 3.386677655683940191e+00
9.003144986037902697e+01 4.725603196235774184e-01 9.557095147230418419e+00
7.046451997205900319e+00 1.722150919820770731e-01 3.752087195695134714e+00
1.239939190883547724e+02 4.456768616636362701e+00 8.485133614456579210e+00
2.380895219988007625e+02 2.166692925116656898e+00 1.810806150865015285e+00
9.788830692610096662e+01 2.536261154505291415e+01 2.382183263191628431e+00
1.000643156924512027e+02 7.365152652699146207e-01 1.279063372733648229e+00
1.101178833301806179e+02 1.433817431990007130e+01 1.618875605293093489e+00
2.656254972194353172e+02 2.940380190362000334e+01 2.696017114499084766e+00
1.438789812858954775e+01 9.222682585827662871e-02 1.764823041160425765e+00
2.721730446582662921e+02 3.270018756261620307e+00 4.679756087189328895e+00
1.450884131286929168e+01 7.165989047291557945e+00 1.707464304352232842e+00
2.948466559925914225e+02 1.809907843045441278e-01 6.979585769122484962e+00
