1.031300022519578619e+02 5.799760425240445016e+01 2.600000000000000000e+02
3.740586715725076772e+01 4.739576541914816232e+01 2.600000000000000000e+02
3.049884363458454004e+02 5.345273281013113831e+01 2.600000000000000000e+02
1.301640871133251665e+00 8.422638022996940776e+01 2.600000000000000000e+02
8.739485474021084599e+01 5.943653780695021283e+01 2.600000000000000000e+02
2.220721104008025861e+02 2.200007814688892438e+01 2.600000000000000000e+02
3.211062210304094720e+02 2.080023960901979763e+01 2.600000000000000000e+02
2.844487284310715722e+02 5.794320638193214990e+01 2.600000000000000000e+02
6.120611092054044633e+01 7.216405129694437903e+01 2.600000000000000000e+02
3.239442575195496943e+02 4.661104672517092951e+01 2.600000000000000000e+02
2.049177583655830688e+02 6.057555566206249154e+01 2.600000000000000000e+02
1.557677440247368850e+02 4.926802870066949680e+01 2.600000000000000000e+02
6.430362185263862784e+01 7.842047748394695361e+01 2.600000000000000000e+02
3.418304808499325986e+02 5.882481153152383513e+01 2.600000000000000000e+02
3.306991959221510342e+02 2.542048072747317633e+01 2.600000000000000000e+02
4.166522922269923868e+01 8.312452464315855138e+01 2.600000000000000000e+02
2.380399046187481531e+02 6.442001738900393093e+01 2.600000000000000000e+02
2.631095560102789364e+02 6.434435535747654455e+01 2.600000000000000000e+02
2.278868047757056274e+02 7.078930081785803452e+01 2.600000000000000000e+02
3.341489584739312591e+02 6.322961082952593870e+01 2.600000000000000000e+02
2.748723215415479899e+02 5.645477043861652078e+01 2.600000000000000000e+02
2.474919894756211534e+02 4.355461134876184559e+01 2.600000000000000000e+02
1.446507762692727397e+02 2.881284425198592203e+01 2.600000000000000000e+02
3.032886739972854571e+02 4.391519511390114161e+01 2.600000000000000000e+02
1.809017550467453930e+02 2.097614266113365034e+01 2.600000000000000000e+02
3.257869748008930628e+02 7.007312397911209700e+01 2.600000000000000000e+02
1.427862434364993760e+02 3.813266786966516975e+01 2.600000000000000000e+02
1.428894804364452682e+02 6.854557010406922757e+01 2.600000000000000000e+02
2.757457080064821753e+02 6.343283598150161851e+01 2.600000000000000000e+02
3.132080246127506484e+02 6.794612413694355268e+01 2.600000000000000000e+02
1.429253224565194955e+02 8.862475557063217479e+01 2.600000000000000000e+02
6.553821895823311650e+01 5.361473271427432508e+01 2.600000000000000000e+02
1.041562599323115279e+02 5.537134692317054885e+01 2.600000000000000000e+02
2.563220118358839841e+02 8.976909282731004680e+01 2.600000000000000000e+02
2.717285848393995593e+02 6.816463632345860901e+01 2.600000000000000000e+02
2.781136640524028394e+02 7.348358441205175495e+01 2.600000000000000000e+02
1.502116481306366893e+02 7.347363821139879292e+01 2.600000000000000000e+02
2.500515965470742970e+02 6.160741044700814939e+01 2.600000000000000000e+02
2.419460132519818174e+01 6.852419102154703978e+01 2.600000000000000000e+02
2.908941986409089964e+02 7.364142144156495817e+01 2.600000000000000000e+02
3.346659004561267352e+02 8.119158265278861109e+01 2.600000000000000000e+02
5.614929489402749141e+01 4.647296514507647913e+01 2.600000000000000000e+02
2.189668825278320980e+02 2.310776580239640055e+01 2.600000000000000000e+02
1.500057682896785423e+02 3.988135723493291351e+01 2.600000000000000000e+02
1.061576997484880422e+02 8.575634126758293974e+01 2.600000000000000000e+02
8.652918986830675863e+01 8.937987346275438938e+01 2.600000000000000000e+02
1.357110201454540004e+02 7.683871626817479239e+01 2.600000000000000000e+02
3.397267391323004517e+02 6.560340063412877498e+01 2.600000000000000000e+02
1.736567254892233336e+02 6.305371870933888800e+01 2.600000000000000000e+02
8.668014161190203026e+01 2.404143765265993693e+01 2.600000000000000000e+02
1.885876759762274446e+02 -4.486430214445351083e+01 2.600000000000000000e+02
3.113574688566931172e+02 -6.216037906071233010e+01 2.600000000000000000e+02
6.590109867027435087e+01 -7.152883237915409609e+01 2.600000000000000000e+02
1.336841205098531873e+02 -6.734082949922228067e+01 2.600000000000000000e+02
1.199838662134402796e+02 -8.050077188270680040e+01 2.600000000000000000e+02
5.314912144719524889e+01 -2.194317128535125505e+01 2.600000000000000000e+02
3.881611811786626021e+01 -7.962359256816601771e+01 2.600000000000000000e+02
1.775928346694646791e+02 -3.431478826055924714e+01 2.600000000000000000e+02
1.816062848254486255e+02 -2.833438187107647366e+01 2.600000000000000000e+02
1.540064005210125231e+02 -4.789020372838986361e+01 2.600000000000000000e+02
2.512433043498484153e+02 -8.561918875697836029e+01 2.600000000000000000e+02
6.108287049197626573e+01 -4.027785283011165518e+01 2.600000000000000000e+02
2.598749123320068293e+02 -3.756344082931163086e+01 2.600000000000000000e+02
1.739224310473996411e+02 -5.558385611688272832e+01 2.600000000000000000e+02
7.956031890623025049e+01 -8.199933194251480018e+01 2.600000000000000000e+02
5.857049092882804331e+01 -7.852463343203764623e+01 2.600000000000000000e+02
2.570159915699424573e+02 -3.046205434244397026e+01 2.600000000000000000e+02
3.904531497916047300e+01 -4.188940464016125986e+01 2.600000000000000000e+02
4.865870271615736442e+01 -7.288626670896593396e+01 2.600000000000000000e+02
5.518278191404458966e+01 -6.281429585884959010e+01 2.600000000000000000e+02
1.926245721490577694e+02 -3.952674508604190606e+01 2.600000000000000000e+02
2.458025096352189678e+02 -6.739455830146707171e+01 2.600000000000000000e+02
2.938696725104139773e+02 -4.033082213940336658e+01 2.600000000000000000e+02
8.018783413137207106e+01 -5.387283490046269208e+01 2.600000000000000000e+02
3.195853425193414523e+02 -5.103807872718087424e+01 2.600000000000000000e+02
1.680894468657214134e+02 -2.300054011530224329e+01 2.600000000000000000e+02
2.026473454947422681e+01 -3.496295981770444428e+01 2.600000000000000000e+02
5.633150708748001989e+01 -5.614721734549307541e+01 2.600000000000000000e+02
1.135153745618545145e+02 -4.024855502869466051e+01 2.600000000000000000e+02
3.401056833308165892e+02 -6.653325811903197007e+01 2.600000000000000000e+02
2.023387346757164806e+01 -8.295619662713748710e+01 2.600000000000000000e+02
1.276991827918728895e+01 -3.704868625531926085e+01 2.600000000000000000e+02
5.216546601252826321e+01 -4.729119947595494722e+01 2.600000000000000000e+02
6.616675105655156486e-01 -2.197685087886563338e+01 2.600000000000000000e+02
1.792795008300431903e+02 -3.206338820235311715e+01 2.600000000000000000e+02
3.183957606930079578e+02 -7.476067943848283903e+01 2.600000000000000000e+02
1.905187985327171418e+02 -7.245206729151655622e+01 2.600000000000000000e+02
1.380528901382330531e+01 -5.050034807450933272e+01 2.600000000000000000e+02
1.039627228827997953e+02 -4.733123421937135333e+01 2.600000000000000000e+02
6.098364841298957373e+01 -8.697728576755336860e+01 2.600000000000000000e+02
3.360104097784185342e+02 -6.676264034119600410e+01 2.600000000000000000e+02
1.197617869577602079e+02 -8.866963447290966371e+01 2.600000000000000000e+02
3.070302607912532267e+02 -3.204711561606894321e+01 2.600000000000000000e+02
2.399818411946754964e+02 -3.609856855686767574e+01 2.600000000000000000e+02
2.301683906000826880e+02 -2.503723978295312236e+01 2.600000000000000000e+02
8.721039541747634871e+01 -5.251866669004504473e+01 2.600000000000000000e+02
3.472041155980460871e+02 -5.676444185183785862e+01 2.600000000000000000e+02
3.049851823976142384e+01 -5.636305945392322059e+01 2.600000000000000000e+02
2.957803348705498934e+02 -3.948114420013402537e+01 2.600000000000000000e+02
3.202553903540791680e+02 -3.747219984898903533e+01 2.600000000000000000e+02
