2.204867437600446465e+02 8.338479192004614062e+13
1.913722353350678418e+02 1.746548487649163438e+14
2.088751281012298477e+02 7.110270406083120312e+13
2.586810542952938476e+02 8.387132899120323438e+13
2.238772822615291034e+02 3.279315794596948047e+13
2.203558252383933223e+02 1.177231192344047969e+14
2.475037253029806834e+02 5.386451806277998438e+13
1.889438535721646986e+02 7.560120943230004688e+13
2.547082335686345687e+02 8.369614147074904688e+13
2.224530120486481337e+02 1.049330856514066875e+14
1.116070822693898208e+02 1.713259609318795312e+14
2.581302552006052338e+02 8.893665940647946875e+13
2.345156915085551645e+02 6.466073068073046875e+13
2.343672414644820492e+02 8.654417382494531250e+13
2.455218850616809050e+02 4.531546366232174219e+13
2.321328660746759169e+02 1.006705012913452969e+14
2.166969637570259692e+02 1.508226741932230938e+14
1.253070279748422422e+02 1.572491302296609180e+13
9.307458829838395786e+01 1.854198985355137109e+13
2.444333736035900984e+02 1.388335770334605312e+14
1.605459583462085220e+02 2.405637145432344141e+13
2.419842801527635174e+02 2.069979032879614688e+14
2.409761114652091010e+02 9.551251805902370312e+13
2.599251077245858141e+02 8.981992338846948438e+13
2.139415960075415342e+02 4.351855804103032812e+13
2.599978885911041289e+02 9.280291139985600000e+13
2.413466736557247714e+02 6.528967357723769531e+13
2.492719640839168278e+02 1.139562020142344219e+14
2.492591290600445291e+02 1.883938443766476250e+14
2.287246211053435445e+02 4.619618376149141406e+13
2.419487789214531404e+02 9.647467943475407812e+13
2.494746383784519139e+02 7.162967923084898438e+13
2.569335328477810663e+02 7.606786331880018750e+13
1.667119946018041787e+02 2.516874098252162891e+13
2.592871790659385169e+02 1.111373767161947344e+14
2.599847715927969602e+02 9.575135531672607812e+13
2.531705756557179257e+02 1.763591313499252500e+14
2.367841262499882760e+02 1.069779975472539531e+14
1.834118275670192872e+02 3.313994811520207422e+13
2.466056343815549212e+02 8.371819056967351562e+13
2.564348344874399572e+02 1.253528000428574219e+14
2.557478870527948516e+02 1.012749442055639062e+14
1.465722048192247655e+02 4.073859295850130469e+13
1.234002842117104706e+02 5.303520663529035938e+13
1.928839126419157708e+02 2.146644346704561719e+13
1.680886814341559159e+02 9.289911501390571875e+13
2.574692759452727842e+02 1.282319762809138281e+14
2.548026855930343686e+02 1.001841623043575000e+14
1.736006747925110005e+02 2.008001222401596875e+14
2.484878522049399123e+02 8.038011384452896875e+13
1.654739677393583293e+02 3.132595549989887891e+13
1.682719900330885139e+02 6.674523142653837500e+13
2.100047151968867070e+02 7.250169806430559375e+13
2.021666492566616000e+02 2.387573127205975000e+14
1.015923495283308569e+02 3.189231527964591016e+13
2.159226263754416379e+02 1.066675273906576406e+14
1.679872300836527188e+02 3.561941631840641406e+13
2.580376996291965952e+02 9.246530870803310938e+13
1.910507098319285433e+02 2.002769999766208750e+14
9.730030810698968935e+01 1.354785807598311719e+14
1.380228624308424514e+02 4.308108981484367188e+13
1.911738862466809508e+02 4.847320825196365625e+13
2.596382641610920814e+02 9.974899280732710938e+13
2.599299157321073608e+02 9.242194606857234375e+13
1.653143043330971693e+02 6.749288464276388281e+13
1.581778689447884005e+02 1.248056491182945938e+14
