1.913722353350678418e+02 1.915247478272012500e+13
2.088751281012298477e+02 2.263782768305329688e+13
2.586810542952938476e+02 1.956544606378332812e+13
9.739804308536668032e+01 2.782554123174494922e+13
9.232882667177494795e+01 3.971559862644010938e+13
2.203558252383933223e+02 6.259760579424087500e+13
2.475037253029806834e+02 2.956938437438962891e+13
2.264611168347279317e+02 6.948110341299188281e+13
2.547082335686345687e+02 4.791880734621772656e+13
2.224530120486481337e+02 1.932039629103623438e+13
2.581302552006052338e+02 4.074330883458060156e+13
2.345156915085551645e+02 8.030496160534289062e+13
2.343672414644820492e+02 5.115032005786982812e+13
2.455218850616809050e+02 7.392873373663204688e+13
2.321328660746759169e+02 2.710928309143851562e+13
2.166969637570259692e+02 5.594738322498489844e+13
1.791518695006626558e+02 5.837416135209414844e+13
1.803341533445698133e+02 6.745040176864779688e+13
9.307458829838395786e+01 2.906072918213517969e+13
2.444333736035900984e+02 4.124375758548717969e+13
2.325467817206639438e+02 4.346675794613574219e+13
2.409761114652091010e+02 3.676976438657107031e+13
2.599251077245858141e+02 2.637926587786949219e+13
2.599978885911041289e+02 2.409357126329206250e+13
2.413466736557247714e+02 4.387517270099422656e+13
2.492719640839168278e+02 3.980328006825371875e+13
2.492591290600445291e+02 6.940167168456987500e+13
2.287246211053435445e+02 6.474554488282909375e+13
2.494746383784519139e+02 4.959943619114610156e+13
2.569335328477810663e+02 2.973646187763963672e+13
1.020400639753497103e+02 3.466376977966525391e+13
2.592871790659385169e+02 2.945495822467754297e+13
2.599847715927969602e+02 2.889307128709417188e+13
2.531705756557179257e+02 5.642695946924437500e+13
2.367841262499882760e+02 3.023498151522844141e+13
2.317722627053957467e+02 7.349611680498206250e+13
1.834118275670192872e+02 7.196227691881857812e+13
2.299071449971836216e+02 5.385267141627517969e+13
2.557478870527948516e+02 6.281093788379392969e+13
2.592403814127560508e+02 2.120138029016198828e+13
1.585062692759562424e+02 7.850162850010537500e+13
2.548026855930343686e+02 5.501920505762943750e+13
1.318115798513977381e+02 3.623310738822767188e+13
2.312779029651985923e+02 1.150029069981140625e+14
2.400251657146563673e+02 5.828701072870670312e+13
2.021666492566616000e+02 7.389626702591934375e+13
2.159226263754416379e+02 6.960492533574457812e+13
2.384957585992525253e+02 6.503154572776810938e+13
2.580376996291965952e+02 2.798506371199273438e+13
9.730030810698968935e+01 6.505236980164697656e+13
2.508574467921901032e+02 2.498498542562843750e+13
2.479009133906874922e+02 6.683807218006788281e+13
2.006233963702995311e+02 3.354894510676573828e+13
2.596382641610920814e+02 3.171049881899993750e+13
2.389083513519788937e+02 1.065036555576885469e+14
2.599299157321073608e+02 2.697263850441219141e+13
1.531858044180002310e+02 5.657858902069163281e+13
1.100338806748873139e+02 4.516242058987112500e+13
2.174703260342548674e+02 8.945481587769826562e+13
1.581778689447884005e+02 3.496603885279883594e+13
