2.054304835145273955e+00 1.099106490183754688e+14
1.805008414859173627e+00 5.360715289091344531e+13
2.341188436787433602e-03 4.862773757541062927e+10
3.002205497440968429e-01 4.536229798237208008e+12
5.268788906898635105e+00 1.713969213792683438e+14
1.229609440520619046e+00 3.099990954460564453e+13
3.706748176348355628e-01 9.045397254110843750e+12
1.615860136894298194e-03 1.042074455766775360e+11
6.183279841329465398e+00 5.040374792501449219e+13
1.498938909239200257e-01 5.403404478651080078e+12
2.629150167520720061e+00 3.020664869724308594e+13
1.598599106887377275e-02 2.022056437049506531e+11
1.851777353007605598e+00 9.460869611986495312e+13
7.396013152629166143e-03 3.977654811382589111e+11
5.281210691691740067e-03 3.212376347317902222e+11
1.727831830271497893e-02 2.482944027851076965e+11
6.307821758178988603e-02 5.616751709131162109e+11
4.749114531944712780e+00 8.802358061541740625e+13
8.518660325444216141e-02 9.094392103259272461e+11
6.321616153510319691e+00 2.309680147806540234e+13
2.331802445072526098e-01 4.514148146390789062e+12
3.940624165948634072e-01 1.393154470508936914e+13
7.652449792218476432e-01 2.832049592416781250e+13
8.379924737270130208e-01 1.176821675277849023e+13
5.380993839958136959e-02 7.104266836585969727e+12
3.388885654483715371e-01 1.162529419735435547e+13
3.899383378171705772e-02 3.771627230369945679e+11
7.650948087064080028e-02 2.316657127859394531e+12
2.071752142991385881e+00 3.341554944785182812e+13
3.105287808425941876e+00 1.186574099209603750e+14
1.943507016719649982e+00 6.809542084284212500e+13
1.019987949700862373e-01 7.763594457495723633e+12
1.255743573030940752e+00 5.895282743298686523e+12
1.102491751641366591e+00 1.047028113895053711e+13
2.761268392697502350e-02 1.109478412351977295e+12
8.217787529133602220e-03 4.841292559558524170e+11
4.408633910088610719e-03 7.855006039477175903e+10
5.601917290041455999e-01 1.241958373226833594e+13
1.808407015156433317e+00 5.457631889025685156e+13
2.343316961980121960e-01 2.170964271453842773e+12
4.003528628402932554e-01 1.731711639774297656e+13
1.384983604418948744e+00 1.103456435439105781e+14
1.187940237968746260e+00 3.973584567965933594e+13
1.269493775419562098e+00 5.463978266803896875e+13
1.902968739869152159e+00 5.420845780222500000e+13
1.403850626187534090e+00 3.207520166557639453e+13
1.541255414002762336e-02 1.081207668867480103e+12
4.824876896984108043e+00 1.598907946007014375e+14
6.251393823199578037e-01 4.190908129664492188e+13
3.343166336687204421e+00 5.667767952723585156e+13
1.755265421233445977e+00 1.703197446729703125e+14
3.202926005628228268e-01 2.244079797953777344e+12
1.434344476300111637e+00 3.869785425086994531e+13
7.215663244144252531e-01 1.065855454115626953e+13
2.572804861301847268e-03 7.004101224898657227e+10
3.315400915819679994e+00 1.421558691397534062e+14
3.632948797509413907e+00 9.082370009116117188e+13
1.551683435654410914e+00 1.449011213899583203e+13
5.099877089553501719e-01 2.530483626521523438e+12
4.950353673987137881e-01 1.803624844785485156e+13
1.057200268642191077e+00 8.141957704146500000e+12
3.271956687160582078e-02 2.120058394675885010e+12
8.136076675839376549e-03 3.615106935758577881e+11
4.777522096105712990e-03 7.045596801875372314e+10
3.539648213404689159e-03 1.490818604713197937e+11
6.259125526875777723e+00 6.526289096846809375e+13
1.887109146120906189e+00 3.607835385974430469e+13
1.623133277041688416e-02 8.405232717620695496e+10
7.202205355990429325e+00 9.677735445066928125e+13
2.412916098846949353e+00 5.743511690761010938e+13
2.092056713507872701e-02 8.926863601896097412e+11
3.102548360371883973e-01 1.517179866864785352e+13
2.050245852092643872e+00 8.104746179742468750e+13
1.887695283496611864e+00 7.541256126500185938e+13
2.745182632054365968e-03 1.675766961363414917e+11
8.194518825004138307e+00 2.565227100796777500e+14
8.130264725105007528e-02 6.241291387264820557e+11
3.727164721103235934e+00 8.409815994866753125e+13
7.866856843869413751e+00 7.605090399811935938e+13
1.110909817435867808e-02 6.731396987497861328e+11
9.109919078811685722e-01 2.324967475975975781e+13
5.802698967759170046e-01 2.605262681895230469e+13
2.678369215351494859e-02 7.301757790498767090e+11
6.972757302395393708e-02 2.934614223912993164e+11
5.227008414931333391e-02 1.498168201649105225e+12
2.958764136033494196e+00 1.112994630814972969e+14
3.537426995247187733e+00 5.508055775245131250e+13
7.054541609237332978e+00 1.036878497835357656e+14
7.770712700267267792e+00 1.561971088334857812e+14
3.746841998034824428e+00 1.150567840126657969e+14
3.455732478101424476e+00 1.216056813897502031e+14
4.301852033725822366e+00 9.559996306878317188e+13
1.348125764135374993e-01 1.355184759975105469e+12
1.503352674545226364e+00 5.042811283347251562e+13
4.733666016311985913e-01 8.216411100441929688e+12
1.111490477442202973e-01 2.629851764915350098e+12
6.320208037905103993e-01 2.954565581580329688e+13
2.099666212353156425e+00 7.866944659995768750e+13
1.903682329073035362e-01 8.816774447499324219e+12
8.556498116466286774e-01 6.723207413987494531e+13
1.551550922107480801e-02 1.509011710694309998e+11
6.253034638261851796e-01 2.227976965581807031e+13
5.585445340946080250e-01 1.580314321590370605e+12
1.854256490960835890e+00 5.110996435045748438e+13
4.366356347748023836e-02 2.307921233501108398e+12
7.258098655028732082e+00 1.083620979528784531e+14
2.448455807418440600e+00 5.630230154733185156e+13
1.453290834228937456e-02 1.536012923198127747e+11
1.564340050731516385e+00 1.140409502950161133e+13
3.004540726533377892e-02 2.503879227244023438e+11
3.490614869445892055e+00 7.589699908375428125e+13
1.973506307546017524e+00 6.242708320031222656e+13
6.748031990840672734e-01 1.041441555567853438e+14
7.484772286966290267e-02 4.453331202443196289e+12
1.107934451800929310e-02 5.274523752105200195e+11
7.582644130786775349e-01 2.233489128494498047e+13
5.003205444165814697e-01 3.807486060819485156e+13
1.622547041946518220e-01 3.303056360083595215e+12
4.637845706207599505e-02 5.701883959535853516e+12
1.232840015202896211e-01 3.523311511624403809e+12
1.760242791141308771e-01 7.511759788660403320e+12
2.242221088619714919e+00 1.111968059965252969e+14
8.433441855061118986e-03 9.881619397588012695e+10
5.188739168771689947e-01 2.239189827518797266e+13
1.127770795812921278e-02 2.168881597525423279e+11
2.129964208931482972e-01 4.255022329044727539e+12
