3.598194995674930396e-02 2.775246867442933350e+11
3.219822681350592575e+00 7.942575950451721875e+13
1.881790496370001620e+00 7.915874995092365625e+13
1.541666532801855283e-02 1.017958579095742493e+11
1.805008414859173627e+00 3.717170886421014062e+13
5.864146338583623219e+00 2.182320720846070938e+14
2.341188436787433602e-03 8.006916828654412842e+10
5.268788906898635105e+00 6.011362609079573438e+13
1.229609440520619046e+00 1.158416983484444531e+13
1.479794342431659970e+00 1.730397008934334375e+13
6.536530413265495554e-01 7.692837787987848633e+12
3.128117154801657307e-02 3.660276400462859497e+11
1.598599106887377275e-02 1.472855051283965759e+11
1.836387720356754016e+00 6.249247374537916406e+13
7.396013152629166143e-03 5.033178101773890381e+11
1.165138828313274644e+00 1.165079438668651172e+13
2.415759309138820754e+00 4.262063512566623438e+13
3.330589342597249924e+00 5.768247032096759375e+13
2.331802445072526098e-01 3.144707224190258789e+12
3.940624165948634072e-01 6.025522135686117188e+13
1.209947193749087546e+00 4.247453117796971094e+13
8.379924737270130208e-01 6.648686125611040039e+12
3.388885654483715371e-01 8.953879882565787109e+12
7.650948087064080028e-02 2.683855826256865234e+12
3.105287808425941876e+00 5.673692561187397656e+13
5.239258984300931843e-02 3.184403642281240723e+12
2.807522859278492433e+00 2.792782973798985938e+13
1.102491751641366591e+00 6.977707212289463867e+12
1.397140762034155159e+00 1.753633877076083203e+13
2.761268392697502350e-02 1.408942947061453857e+12
2.249775810365690631e-01 8.096537228348710938e+11
8.217787529133602220e-03 8.318461739873972168e+11
4.408633910088610719e-03 1.207205126861780090e+11
5.601917290041455999e-01 6.739409236727310547e+12
4.003528628402932554e-01 3.829353172570934375e+13
4.636736778504825907e+00 6.785017414018530469e+13
1.902968739869152159e+00 8.569667361835415039e+12
1.403850626187534090e+00 4.720264898471954688e+13
7.271331235068601018e-02 2.017707005193783447e+12
4.824876896984108043e+00 2.019569945577932812e+14
3.202926005628228268e-01 9.824309289702087402e+11
1.434344476300111637e+00 1.034984246500397266e+13
1.301470353526099188e+00 4.809138740602649219e+13
7.215663244144252531e-01 1.690129573550073438e+13
1.043143430569671182e+00 1.108960718166199805e+13
3.315400915819679994e+00 8.895550775739245312e+13
5.396536327698413515e-01 8.777315376827308594e+12
5.099877089553501719e-01 2.169642976250039551e+12
4.950353673987137881e-01 1.060055675713898438e+14
1.057200268642191077e+00 3.657194190223310938e+13
5.741915107473118951e-01 5.688363209395208594e+13
1.261308563465490806e-02 8.081497042385290527e+10
8.136076675839376549e-03 1.653222992810600586e+12
2.755713901632361740e-02 2.732364169723868408e+11
4.899177226576114208e+00 4.806746652592970312e+13
1.599671848222783410e-01 2.564375626348764648e+12
8.774045609652603162e-01 3.340194155886588672e+13
1.390088897960595204e-02 5.258328239679594116e+11
5.351488097356309481e-01 1.830096676770218750e+13
7.202205355990429325e+00 2.814410080717032031e+13
2.412916098846949353e+00 9.239106932058067188e+13
3.102548360371883973e-01 1.938015411388651562e+13
2.050245852092643872e+00 6.889455327157310938e+13
1.390691986377021294e+00 3.075335646316976953e+13
1.162049054477222398e+00 5.288188162287638281e+13
1.558869322620921594e-01 3.376430641496867676e+12
1.887695283496611864e+00 1.356334296520103594e+14
8.319687103107185067e-01 3.956680428277081250e+13
8.194518825004138307e+00 2.761480514681479297e+13
1.424247804066908429e+00 2.919815884500089062e+13
2.295073311034911967e-02 1.114467330034706879e+11
5.676618803662449864e-01 3.599975906504064062e+13
8.130264725105007528e-02 1.344986993644730713e+12
9.109919078811685722e-01 1.011401668606348594e+14
4.280363462384002560e-01 1.725085465762597656e+13
5.227008414931333391e-02 2.424487538963279688e+13
2.958764136033494196e+00 3.217595660084325391e+13
3.537426995247187733e+00 4.924099859284796875e+13
7.961387128657406720e-01 5.261886464765018750e+13
7.770712700267267792e+00 5.098896247213462500e+13
3.746841998034824428e+00 1.108716352197882969e+14
3.455732478101424476e+00 1.350077582103884531e+14
4.301852033725822366e+00 1.417192399784706875e+14
1.348125764135374993e-01 1.711284492079421143e+12
1.503352674545226364e+00 1.887110280383026875e+14
2.009373442046467062e+00 1.531155360336110938e+14
6.326894220762824261e-03 8.501754070187455750e+10
1.111490477442202973e-01 5.963389698575710938e+12
6.320208037905103993e-01 2.725190980257584766e+13
2.099666212353156425e+00 1.343364330969402656e+14
1.903682329073035362e-01 4.640524361473532227e+12
8.556498116466286774e-01 1.277997128708388125e+14
1.551550922107480801e-02 5.411521576149116516e+10
5.585445340946080250e-01 1.212724658206834180e+13
1.854256490960835890e+00 2.606379182047658984e+13
4.326348672960307340e-01 1.856409857015320703e+13
9.136288021011296223e-02 1.405524036018239014e+12
5.803428615238885868e-01 1.263039210720569727e+13
7.258098655028732082e+00 1.525153836784794141e+13
2.448455807418440600e+00 5.765535661872261719e+13
2.271743618254049579e+00 7.518234378163357812e+13
1.453290834228937456e-02 7.952363864082758789e+11
6.734691930453777786e-01 9.598835746313459375e+13
3.490614869445892055e+00 9.912311386810751562e+13
8.017428061009468365e-03 1.284224358000769653e+11
2.566712922289866583e-01 2.491782563591610840e+12
1.107934451800929310e-02 5.182206774019430542e+11
7.582644130786775349e-01 7.477518231465196875e+13
2.515997214061371778e-03 3.853847675554923706e+11
4.179567505472789435e+00 1.036864886255735938e+14
1.622547041946518220e-01 8.921227942490222168e+11
2.541809297113559296e+00 7.511145474637078125e+13
1.232840015202896211e-01 6.948406690819631836e+12
8.934138117179486471e-01 3.634875445167233594e+13
9.769872755683195464e-01 1.577390924574450586e+13
2.242221088619714919e+00 1.166036857548393125e+14
5.188739168771689947e-01 5.553069954299687500e+13
1.127770795812921278e-02 3.798096845267377930e+11
6.593531700398216344e-01 1.404147146494329492e+13
1.020397645791092600e+00 2.338897729197023438e+13
4.009057719523525520e-01 4.875691335953342773e+12
