2.088751281012298477e+02 6.361368661278957812e+13
2.586810542952938476e+02 2.649148947460514844e+13
9.739804308536668032e+01 3.111736470322120703e+13
2.203558252383933223e+02 3.200748643411513672e+13
2.475037253029806834e+02 1.798144620189502344e+13
2.264611168347279317e+02 8.902074001744939062e+13
1.970202895394473899e+02 4.351005908226141406e+13
2.547082335686345687e+02 1.817293788150791797e+13
2.224530120486481337e+02 4.199795198527198438e+13
2.581302552006052338e+02 1.710200767634232422e+13
2.345156915085551645e+02 5.282882328374017969e+13
2.343672414644820492e+02 4.446431580928203125e+13
2.321328660746759169e+02 8.877883016739335938e+13
2.166969637570259692e+02 6.563350552556389062e+13
1.791518695006626558e+02 2.230891727646807031e+13
1.803341533445698133e+02 4.443124371896669531e+13
9.307458829838395786e+01 5.236290761537950781e+13
2.444333736035900984e+02 7.130357770534259375e+13
2.325467817206639438e+02 3.884668545811285938e+13
2.409761114652091010e+02 7.563414338609239062e+13
2.599251077245858141e+02 3.494306699315729297e+13
2.599978885911041289e+02 2.687448044545888672e+13
2.413466736557247714e+02 5.504790834507826562e+13
2.492719640839168278e+02 7.219335900394279688e+13
2.492591290600445291e+02 3.354534845083433984e+13
2.287246211053435445e+02 5.186916063078688281e+13
2.419487789214531404e+02 6.826029775564277344e+13
2.494746383784519139e+02 6.335879248954861719e+13
2.569335328477810663e+02 1.927853714988083203e+13
1.020400639753497103e+02 4.442357168371071094e+13
2.592871790659385169e+02 2.199496988037254297e+13
2.531705756557179257e+02 1.917079478403054688e+13
2.367841262499882760e+02 4.361069687275372656e+13
2.317722627053957467e+02 7.249451738150843750e+13
1.834118275670192872e+02 1.806060523527551875e+14
2.299071449971836216e+02 1.664780590977672500e+14
2.466056343815549212e+02 2.568340304799103125e+13
2.399313424010427411e+02 3.596977784897153125e+13
2.557478870527948516e+02 5.087138606610335938e+13
1.465722048192247655e+02 1.775604459396640625e+14
1.234002842117104706e+02 1.210025120566021719e+14
2.592403814127560508e+02 2.405417933219858984e+13
1.585062692759562424e+02 3.999709875294222656e+13
2.144881123353088981e+02 9.543161008980270312e+13
2.548026855930343686e+02 5.115424830569953906e+13
1.318115798513977381e+02 3.812170781827767188e+13
1.736006747925110005e+02 2.597791372679558984e+13
2.484878522049399123e+02 5.064729227581907031e+13
2.312779029651985923e+02 3.837423712828282031e+13
1.654739677393583293e+02 1.808245734649197188e+14
2.400251657146563673e+02 2.776369774042503516e+13
1.682719900330885139e+02 5.139144211867470312e+13
1.015923495283308569e+02 1.416615793787347500e+14
1.489921567523552710e+02 4.458478509729107812e+13
2.159226263754416379e+02 4.714800997377200781e+13
2.384957585992525253e+02 1.872029349525788750e+14
2.580376996291965952e+02 2.859799073781071875e+13
1.566482930243815304e+02 3.252730770067535938e+13
1.910507098319285433e+02 2.535650062498955469e+13
9.730030810698968935e+01 4.547071482035128125e+13
1.380228624308424514e+02 1.578590105091581875e+14
2.508574467921901032e+02 1.041002560570677344e+14
2.479009133906874922e+02 6.638697343808666406e+13
2.006233963702995311e+02 5.721060813426563281e+13
2.389083513519788937e+02 1.544356236479962812e+14
1.531858044180002310e+02 3.696949816873314844e+13
1.100338806748873139e+02 2.710590066584485938e+13
2.174703260342548674e+02 1.253669807941500781e+14
2.164667120683225505e+02 4.491967437055739062e+13
1.653143043330971693e+02 6.823221043585864844e+13
