2.204867437600446465e+02 8.981386071440659375e+13
1.913722353350678418e+02 9.471569164378560938e+13
2.238772822615291034e+02 9.712465936914842188e+13
2.475037253029806834e+02 1.336326582165721094e+14
1.889438535721646986e+02 6.298423702102628906e+13
2.264611168347279317e+02 3.562638134627861719e+13
1.970202895394473899e+02 3.918094195417240625e+13
2.547082335686345687e+02 9.284740633823339062e+13
2.224530120486481337e+02 5.596150121721892188e+13
2.581302552006052338e+02 7.682486443576487500e+13
2.455218850616809050e+02 5.406797529970186719e+13
2.321328660746759169e+02 5.262238242299993750e+13
1.253070279748422422e+02 1.994546231496235156e+13
9.307458829838395786e+01 5.556691846275384375e+13
2.444333736035900984e+02 6.942529088711096094e+13
1.605459583462085220e+02 2.061527956585508594e+13
2.419842801527635174e+02 6.129366590845472656e+13
2.599251077245858141e+02 6.116186216766060156e+13
2.093120533758437887e+02 9.481565065157784375e+13
2.139415960075415342e+02 9.359918623325346875e+13
2.599978885911041289e+02 6.117884720190885938e+13
2.492719640839168278e+02 6.820824699266883594e+13
2.492591290600445291e+02 6.442474295583513281e+13
2.419487789214531404e+02 7.820529454145806250e+13
2.494746383784519139e+02 5.964929822203874219e+13
2.569335328477810663e+02 4.848777046178202344e+13
1.667119946018041787e+02 2.234678792696161719e+13
2.592871790659385169e+02 5.925463486832545312e+13
2.599847715927969602e+02 6.117590066711998438e+13
2.531705756557179257e+02 7.037106352710137500e+13
2.367841262499882760e+02 5.628756387292886719e+13
2.317722627053957467e+02 4.385021113583625781e+13
1.834118275670192872e+02 2.545679567344582422e+13
2.299071449971836216e+02 4.835318563208866406e+13
2.466056343815549212e+02 6.820832497622521875e+13
2.399313424010427411e+02 4.290374069250903906e+13
2.564348344874399572e+02 5.790098984519850000e+13
2.557478870527948516e+02 6.885771047089531250e+13
1.465722048192247655e+02 2.904411696966707422e+13
1.234002842117104706e+02 2.684032632233679297e+13
1.928839126419157708e+02 3.379985149771493750e+13
2.592403814127560508e+02 5.498739709393978906e+13
2.574692759452727842e+02 6.422556471725727344e+13
2.548026855930343686e+02 6.850291392831618750e+13
2.484878522049399123e+02 6.856341985286670312e+13
2.312779029651985923e+02 7.079915026859935938e+13
1.654739677393583293e+02 2.769624920636136328e+13
2.100047151968867070e+02 6.363816759568232812e+13
2.021666492566616000e+02 4.655198130063005469e+13
1.015923495283308569e+02 2.823408782400587891e+13
1.489921567523552710e+02 2.500408685491849609e+13
2.159226263754416379e+02 7.015762897834743750e+13
2.384957585992525253e+02 5.204932927370298438e+13
1.566482930243815304e+02 2.771627498779916797e+13
9.730030810698968935e+01 4.812002699942259375e+13
1.380228624308424514e+02 2.792492771309916797e+13
2.508574467921901032e+02 5.818686379437562500e+13
2.006233963702995311e+02 7.308379832912025000e+13
1.911738862466809508e+02 4.762723079559652344e+13
2.389083513519788937e+02 5.198906852868684375e+13
2.599299157321073608e+02 6.546491646366408594e+13
2.063234237313706103e+02 6.636522035891418750e+13
2.164667120683225505e+02 6.070169559062424219e+13
