1.541666532801855283e-02 1.539303230877262891e+13
1.805008414859173627e+00 6.064323294278779688e+13
1.144830096351370230e-01 5.434492053604625000e+12
5.864146338583623219e+00 5.498876191578285938e+13
3.002205497440968429e-01 1.109162135743600000e+13
5.268788906898635105e+00 2.701242234264676562e+13
1.229609440520619046e+00 5.665480739175374219e+13
6.536530413265495554e-01 1.263979777136027148e+13
1.851777353007605598e+00 4.121820259827330469e+13
7.396013152629166143e-03 8.016251267452071533e+11
5.281210691691740067e-03 6.147546756494735107e+11
4.749114531944712780e+00 6.241476610218779688e+13
3.940624165948634072e-01 4.913921954964664062e+12
7.652449792218476432e-01 7.553429339315235352e+12
1.209947193749087546e+00 7.147463215358573438e+13
8.379924737270130208e-01 2.732969456346453516e+13
5.380993839958136959e-02 1.896565635664844971e+12
3.388885654483715371e-01 1.175105533415511719e+13
3.899383378171705772e-02 3.601449536409315430e+12
2.071752142991385881e+00 4.789685691192196094e+13
3.105287808425941876e+00 2.665757278073746484e+13
1.943507016719649982e+00 5.565988681352631250e+13
1.019987949700862373e-01 9.818305117638433594e+12
1.102491751641366591e+00 3.503887187685577734e+13
1.072640351547988757e-01 2.702656963661954590e+12
2.761268392697502350e-02 3.675337707230275879e+12
2.249775810365690631e-01 1.282628227879100098e+12
8.217787529133602220e-03 9.402530255878381348e+10
4.408633910088610719e-03 5.242766219567062378e+11
5.601917290041455999e-01 2.040771990234133203e+13
1.808407015156433317e+00 6.030896848469489062e+13
4.003528628402932554e-01 3.210091655542750977e+12
4.636736778504825907e+00 3.218500854529305469e+13
4.330898058998400302e-02 7.426125719788297119e+11
1.187940237968746260e+00 4.145999306322051562e+13
3.177857630106473152e-01 1.135069428487858398e+13
1.902968739869152159e+00 5.868232860958345312e+13
3.048583570944174426e-03 4.674948456506075287e+10
1.541255414002762336e-02 3.446155279393178711e+11
7.271331235068601018e-02 3.233296994452986719e+13
4.824876896984108043e+00 6.785864641401835156e+13
3.343166336687204421e+00 5.528575668158842969e+13
1.755265421233445977e+00 4.283226689004238281e+13
8.294761688136986777e-02 5.310881911459910156e+12
1.434344476300111637e+00 2.386493924754823828e+13
1.301470353526099188e+00 8.597855330536860938e+13
7.215663244144252531e-01 2.412440111362964844e+13
5.396536327698413515e-01 1.918822540369063281e+13
5.099877089553501719e-01 2.974318013051714844e+12
1.057200268642191077e+00 4.624294966558602344e+13
5.741915107473118951e-01 2.285984798937161328e+13
6.259125526875777723e+00 5.349529184244385938e+13
1.599671848222783410e-01 4.281595377174160767e+11
8.774045609652603162e-01 3.238096899450439844e+13
1.623133277041688416e-02 2.704177611773211365e+11
7.202205355990429325e+00 7.917846775738628125e+13
2.412916098846949353e+00 3.112590099101300781e+13
2.847980061915222905e-03 5.149640101904127502e+10
3.102548360371883973e-01 5.673908406364232812e+13
1.162049054477222398e+00 6.672453679275405469e+13
1.558869322620921594e-01 2.668559417386500488e+12
1.887695283496611864e+00 7.147456990492000000e+13
8.319687103107185067e-01 3.585035805207836719e+13
8.194518825004138307e+00 5.853660359979987500e+13
5.676618803662449864e-01 2.078983002959372266e+13
1.110909817435867808e-02 5.265242851677850952e+11
9.109919078811685722e-01 4.017477076759928906e+13
5.802698967759170046e-01 2.063890058630029688e+13
2.958764136033494196e+00 6.466213016053350781e+13
3.537426995247187733e+00 7.606933671974873438e+13
7.961387128657406720e-01 1.733405782037097266e+13
7.054541609237332978e+00 3.568878943939061719e+13
3.746841998034824428e+00 4.560737718248691406e+13
1.503352674545226364e+00 7.970400858807310938e+13
4.733666016311985913e-01 1.380471620206315234e+13
1.111490477442202973e-01 1.506368978360882812e+13
6.320208037905103993e-01 6.180873083430709961e+12
3.182289017411790155e-01 1.039195750960917969e+13
2.099666212353156425e+00 6.554076024415958594e+13
8.556498116466286774e-01 2.930442603014427344e+13
5.585445340946080250e-01 1.229028286956365430e+13
1.854256490960835890e+00 4.143306243014142188e+13
4.326348672960307340e-01 4.542919063006343750e+13
9.136288021011296223e-02 1.449276240348195068e+12
5.974481067519263888e-01 2.345344347839218750e+13
5.803428615238885868e-01 1.426630139979414648e+13
4.366356347748023836e-02 3.997053437151588867e+12
7.258098655028732082e+00 8.091479074105307812e+13
1.318863905203329523e+00 7.909371551741606250e+13
1.453290834228937456e-02 3.259988043121779297e+12
3.004540726533377892e-02 8.094228845025557861e+11
1.593261102578935606e-02 4.987722275153197266e+12
3.490614869445892055e+00 2.026294250574118750e+13
8.017428061009468365e-03 4.922213988018133545e+11
1.469819163327770184e-01 1.132909080547552490e+12
6.748031990840672734e-01 2.962908624364532422e+13
2.566712922289866583e-01 2.531425869682864258e+12
1.107934451800929310e-02 1.164878427001885986e+12
4.179567505472789435e+00 5.582016753450922656e+13
4.637845706207599505e-02 4.351940271900300781e+12
1.232840015202896211e-01 1.379786514853460938e+12
1.760242791141308771e-01 1.903811562549058984e+13
8.934138117179486471e-01 4.567295892611081250e+13
2.242221088619714919e+00 1.292504837921332188e+14
1.127770795812921278e-02 1.459306201520617432e+12
2.840766953227102931e-03 5.197164329334454102e+12
2.129964208931482972e-01 7.662565026807640625e+13
