5.268788906898635105e+00 2.227815263586963438e+14
1.622367951995329349e-02 1.988163794910488037e+12
6.183279841329465398e+00 4.602630831340865625e+13
6.536530413265495554e-01 3.155855457637509766e+12
2.629150167520720061e+00 3.551559183625639062e+13
3.128117154801657307e-02 2.991563337331342773e+11
1.598599106887377275e-02 1.024969998032303162e+11
6.049585985983867431e-01 2.016181069411850000e+13
1.165138828313274644e+00 8.347046419601793945e+12
4.749114531944712780e+00 5.062762576991172656e+13
6.321616153510319691e+00 4.469195090407025781e+13
3.940624165948634072e-01 1.124986319450405469e+13
1.661465651301341495e-01 1.753178173115807227e+13
6.292858534379774937e-03 1.432249583646368896e+12
1.381150292820620962e-02 2.083717608651442566e+11
5.380993839958136959e-02 2.403842425768926758e+12
7.650948087064080028e-02 3.942693364930453491e+11
2.071752142991385881e+00 1.244846145722915312e+14
3.105287808425941876e+00 1.013704536655443438e+14
1.943507016719649982e+00 1.890649750170091797e+13
1.019987949700862373e-01 3.498019253949984131e+11
1.397140762034155159e+00 1.568213246415506250e+13
2.249775810365690631e-01 1.156641021225926025e+12
9.228010886399147239e-01 1.355008302738224805e+13
2.343316961980121960e-01 5.012788574963735962e+11
4.003528628402932554e-01 6.119660747064101562e+12
2.514016640954935156e+00 3.395642283399866016e+13
1.187940237968746260e+00 3.300037457089671875e+13
4.687885619023290928e-02 3.541359129928601074e+11
1.269493775419562098e+00 2.398358921982814844e+13
1.902968739869152159e+00 4.626886883938945312e+13
1.403850626187534090e+00 4.772484179058060156e+13
2.011154880619301366e-01 3.042465440839776367e+12
4.824876896984108043e+00 6.008884911479735938e+13
2.308714913500011789e-01 7.861905174132150391e+12
3.343166336687204421e+00 1.047275163423741562e+14
1.301470353526099188e+00 5.136649496657182812e+13
7.215663244144252531e-01 1.261195370080065820e+13
1.725170907290589639e-01 1.568055280495774805e+13
1.043143430569671182e+00 5.420830252245978516e+12
3.315400915819679994e+00 4.573511777124029688e+13
7.582715485114022158e-03 7.012194150083459473e+10
4.950353673987137881e-01 3.006944491314894141e+13
1.261308563465490806e-02 1.172106391439709167e+11
6.259125526875777723e+00 2.729627430267481250e+13
8.774045609652603162e-01 8.150604167852865234e+12
1.390088897960595204e-02 1.456256369030938721e+11
7.296479772149382370e-01 2.988361937303288672e+13
2.618288372622146198e-02 3.669607641011107788e+11
2.295073311034911967e-02 2.442589947271273193e+11
8.130264725105007528e-02 6.224537489205390625e+11
7.866856843869413751e+00 9.526629318833898438e+13
2.678369215351494859e-02 1.439211585311888428e+12
2.958764136033494196e+00 4.019835738496057031e+13
3.580318398206827624e-02 2.289952747298439636e+11
7.054541609237332978e+00 1.095720833284905781e+14
7.770712700267267792e+00 6.380096759833656250e+13
3.746841998034824428e+00 5.384377140808078906e+13
4.301852033725822366e+00 2.150409395632108203e+13
1.348125764135374993e-01 6.378206128016713867e+11
6.326894220762824261e-03 4.438400211466649628e+10
6.320208037905103993e-01 2.473749633883733594e+13
9.352318787889544183e-01 2.641367215045975781e+13
3.182289017411790155e-01 4.219140979256141602e+12
1.903682329073035362e-01 5.440967805600336914e+12
5.867965346533310367e-02 6.078394491368029785e+11
5.027332359361480485e-03 6.653980691207205811e+11
2.448455807418440600e+00 2.067307976074108594e+13
2.538764947871641198e-02 3.032356786024570312e+11
1.973506307546017524e+00 1.233981156092154297e+13
7.484772286966290267e-02 8.767063007557226562e+12
1.622547041946518220e-01 5.610578613800855469e+12
4.637845706207599505e-02 3.616767316065120239e+11
1.257489630744430542e-01 3.240781327663136719e+12
2.541809297113559296e+00 2.130682582775061328e+13
4.012863040316005936e-03 4.793309486181892395e+10
5.188739168771689947e-01 1.848992681640833594e+13
6.593531700398216344e-01 5.618646143054675781e+12
2.204767283603814576e-02 6.374066980906766357e+11
