2.204867437600446465e+02 1.614885363453387500e+14
2.088751281012298477e+02 9.974634090084550000e+13
2.586810542952938476e+02 1.019352720535257812e+14
2.238772822615291034e+02 2.048635202578930938e+14
9.739804308536668032e+01 2.364214525779177500e+14
2.203558252383933223e+02 1.959898769641380938e+14
2.475037253029806834e+02 9.151378508960254688e+13
1.889438535721646986e+02 1.008566323436280625e+14
2.264611168347279317e+02 1.551965934055970625e+14
2.547082335686345687e+02 9.366214092162929688e+13
2.224530120486481337e+02 9.551872589161542188e+13
1.116070822693898208e+02 2.017472820904385625e+14
2.581302552006052338e+02 8.440919665531157812e+13
2.345156915085551645e+02 2.135983111826305000e+14
2.343672414644820492e+02 2.729723443191221562e+14
2.455218850616809050e+02 1.424970621567959062e+14
2.321328660746759169e+02 9.744598999393704688e+13
2.166969637570259692e+02 1.447002345956813438e+14
1.791518695006626558e+02 1.785624570263151875e+14
1.253070279748422422e+02 2.606806260275390234e+13
1.803341533445698133e+02 1.380196226066459375e+14
9.307458829838395786e+01 7.149520121788248438e+13
2.444333736035900984e+02 1.056748001947031562e+14
1.605459583462085220e+02 6.289547032821064844e+13
2.419842801527635174e+02 1.692068506522572188e+14
2.325467817206639438e+02 2.139997063597461875e+14
2.409761114652091010e+02 1.170598095284713750e+14
2.599251077245858141e+02 9.157505061562735938e+13
2.093120533758437887e+02 5.773834944418375000e+14
2.139415960075415342e+02 1.581198403228601875e+14
2.599978885911041289e+02 9.229320657479026562e+13
2.413466736557247714e+02 2.236885559574503750e+14
2.492719640839168278e+02 1.616122345328926562e+14
2.492591290600445291e+02 1.307396013618198594e+14
2.287246211053435445e+02 2.091433684949064062e+14
2.419487789214531404e+02 8.215654549213145312e+13
2.494746383784519139e+02 8.494378817807932812e+13
2.569335328477810663e+02 7.645807550404165625e+13
1.020400639753497103e+02 4.779697261015856875e+14
1.667119946018041787e+02 5.422524695850933594e+13
2.592871790659385169e+02 8.424109919472903125e+13
2.599847715927969602e+02 8.612687018335629688e+13
2.531705756557179257e+02 1.118286085924621875e+14
2.367841262499882760e+02 1.083361584285965156e+14
2.317722627053957467e+02 1.127036180554025156e+14
1.834118275670192872e+02 4.546879182376321250e+14
2.299071449971836216e+02 2.783083008551862500e+13
2.466056343815549212e+02 2.690672572210926875e+14
2.564348344874399572e+02 9.923884181580084375e+13
2.557478870527948516e+02 1.621093594347159688e+14
1.465722048192247655e+02 2.247446756820071875e+14
1.234002842117104706e+02 2.150907535371340938e+14
1.928839126419157708e+02 8.203482088793198438e+13
2.592403814127560508e+02 1.072523256639008750e+14
1.585062692759562424e+02 4.493546156497026562e+13
2.144881123353088981e+02 1.768302579401853125e+14
2.574692759452727842e+02 9.895353133348146875e+13
2.548026855930343686e+02 1.664908512850203438e+14
1.318115798513977381e+02 1.004942755165511562e+14
1.736006747925110005e+02 1.642786976146253438e+14
2.484878522049399123e+02 2.144774919469200625e+14
2.312779029651985923e+02 1.779179175753396250e+14
1.654739677393583293e+02 1.798120259881384062e+14
2.400251657146563673e+02 1.618903966902101250e+14
1.682719900330885139e+02 2.511785483358339062e+13
2.021666492566616000e+02 5.612722227097925000e+13
1.015923495283308569e+02 1.279753416251229219e+14
1.489921567523552710e+02 3.205030689204449375e+14
2.384957585992525253e+02 6.675894909636568750e+13
2.580376996291965952e+02 8.656517024516368750e+13
1.566482930243815304e+02 4.096639967255354375e+14
9.730030810698968935e+01 2.282612030898205312e+14
1.380228624308424514e+02 2.873218827039546250e+14
2.508574467921901032e+02 3.982372077868392969e+13
2.479009133906874922e+02 5.400107659741986719e+13
2.006233963702995311e+02 2.347245795856252812e+14
2.596382641610920814e+02 1.384455248200290938e+14
2.389083513519788937e+02 6.793152891857729688e+13
2.599299157321073608e+02 8.392325855359073438e+13
1.531858044180002310e+02 9.581650567540818750e+13
1.100338806748873139e+02 4.972317888528789844e+13
2.174703260342548674e+02 7.596782814551365625e+13
2.164667120683225505e+02 1.413857297326216250e+14
1.653143043330971693e+02 2.502097702238084766e+13
1.581778689447884005e+02 1.057067584132433438e+14
