2.054304835145273955e+00 2.715637152215922656e+13
1.881790496370001620e+00 3.370327107355307031e+13
1.805008414859173627e+00 4.757162963516896094e+13
5.864146338583623219e+00 7.793376616792906250e+13
5.268788906898635105e+00 3.385704181548601172e+13
1.229609440520619046e+00 2.273566044320183984e+13
1.479794342431659970e+00 1.422016013656936523e+13
1.615860136894298194e-03 2.469700595359370804e+10
1.498938909239200257e-01 1.974708540574549805e+12
6.536530413265495554e-01 9.609743677357705078e+12
2.629150167520720061e+00 8.813780189626837500e+13
1.851777353007605598e+00 7.100804426936076562e+13
5.281210691691740067e-03 3.454702897331126404e+10
3.330589342597249924e+00 3.434416263428142188e+13
4.749114531944712780e+00 7.520512874002896875e+13
6.321616153510319691e+00 7.305386864731493750e+13
7.652449792218476432e-01 4.017285034819124023e+12
1.209947193749087546e+00 4.259163660486777344e+13
5.380993839958136959e-02 4.369902456799785156e+11
2.071752142991385881e+00 7.607625179550462500e+13
3.105287808425941876e+00 2.657174244757410547e+13
1.943507016719649982e+00 5.733956199334717969e+13
2.807522859278492433e+00 2.590669493043918750e+13
1.102491751641366591e+00 1.846931849186204688e+13
1.397140762034155159e+00 1.302573981681355469e+13
2.761268392697502350e-02 1.743640311554719238e+11
2.249775810365690631e-01 1.032976177168422656e+13
1.931950410761373860e-02 1.317095589020559961e+13
9.228010886399147239e-01 2.552123379737977344e+13
4.408633910088610719e-03 2.890052374127599487e+11
6.185210385266941557e-01 2.391683722308154297e+12
1.808407015156433317e+00 5.311472052743385938e+13
4.003528628402932554e-01 1.500185265801784180e+12
4.636736778504825907e+00 3.559162151686450781e+13
1.384983604418948744e+00 1.330847251475917578e+13
1.187940237968746260e+00 1.706131438841074805e+13
3.177857630106473152e-01 3.327669972982750488e+12
1.269493775419562098e+00 2.016179874623029688e+13
1.902968739869152159e+00 1.294483730375788477e+13
4.824876896984108043e+00 8.230288743033693750e+13
6.251393823199578037e-01 6.072921457628646094e+13
3.343166336687204421e+00 6.265462861808139062e+13
1.755265421233445977e+00 7.035512062863750000e+13
1.434344476300111637e+00 1.829897281156470312e+13
1.301470353526099188e+00 2.722002559907492188e+13
1.725170907290589639e-01 9.422529724875509766e+12
2.427692680456630114e-01 2.281511986357289062e+12
1.043143430569671182e+00 1.920913591257053125e+13
5.396536327698413515e-01 4.059338440629739258e+12
3.632948797509413907e+00 2.816468002359860938e+13
1.551683435654410914e+00 6.777287596575082031e+13
5.099877089553501719e-01 4.229677446267426758e+12
1.261308563465490806e-02 1.727274947599916382e+11
4.899177226576114208e+00 1.847171809265711562e+14
6.259125526875777723e+00 5.994489207482252344e+13
8.774045609652603162e-01 1.516518564802810938e+13
5.905071455202914876e-02 6.085838301333827148e+12
7.202205355990429325e+00 1.534286926401355625e+14
2.412916098846949353e+00 1.067714052757353281e+14
2.050245852092643872e+00 7.733130628449153125e+13
1.162049054477222398e+00 1.482106848211025195e+13
1.558869322620921594e-01 4.584019140327399414e+12
1.887695283496611864e+00 2.528033827359821875e+13
8.194518825004138307e+00 1.700968945805967188e+14
2.295073311034911967e-02 2.446660020119676270e+12
8.130264725105007528e-02 1.528368127167196655e+11
7.866856843869413751e+00 5.870544686877312500e+13
1.780044463390595411e-02 1.423496656309241028e+11
1.222029121759817372e+00 2.928493609900160938e+13
2.958764136033494196e+00 8.276759783884709375e+13
3.537426995247187733e+00 4.625965825629770312e+13
3.746841998034824428e+00 1.156346898125804531e+14
3.455732478101424476e+00 2.814107763453587109e+13
4.301852033725822366e+00 6.084654463464365625e+13
1.503352674545226364e+00 3.854936919299135156e+13
2.009373442046467062e+00 6.441470176706997656e+13
6.320208037905103993e-01 3.849403856736703125e+13
3.182289017411790155e-01 8.413576665424943359e+12
2.099666212353156425e+00 9.191572998761100000e+13
8.556498116466286774e-01 7.291766449379155273e+12
5.585445340946080250e-01 8.953821140728935547e+12
1.854256490960835890e+00 5.744886448126769531e+13
5.803428615238885868e-01 8.866632908076779297e+12
1.318863905203329523e+00 2.186732721684856250e+13
2.448455807418440600e+00 5.278145375602010156e+13
2.538764947871641198e-02 4.416457198542150269e+11
7.506845823922958516e-02 6.255605357551517334e+11
3.490614869445892055e+00 1.693310645310076250e+14
4.637845706207599505e-02 3.357819439871558838e+11
8.472399045615475188e-03 1.917265532554373779e+11
4.085544563679377461e-03 1.311930542464321594e+11
2.541809297113559296e+00 1.011140731979705938e+14
2.242221088619714919e+00 5.117994974450943750e+13
1.127770795812921278e-02 1.674712370210364014e+12
6.593531700398216344e-01 8.050081123140979492e+12
