3.598194995674930396e-02 4.312704175332067261e+11
1.881790496370001620e+00 3.904541670080339062e+13
1.805008414859173627e+00 2.674398389905431250e+13
5.864146338583623219e+00 1.266564684988422969e+14
5.268788906898635105e+00 8.515677247650168750e+13
3.842299347990660863e-01 5.621678548240838867e+12
1.229609440520619046e+00 7.356475121417969727e+12
1.479794342431659970e+00 1.518960537370051758e+13
6.183279841329465398e+00 2.218462895073461719e+13
6.536530413265495554e-01 2.858643140940420898e+12
2.629150167520720061e+00 3.555181666362556250e+13
1.598599106887377275e-02 7.899182041805464172e+10
1.201660083667604795e+00 6.952470890951131836e+12
1.851777353007605598e+00 6.044370874976636719e+13
1.165138828313274644e+00 1.413754782153999414e+13
3.330589342597249924e+00 8.187777486593707812e+13
4.749114531944712780e+00 3.755553445655771875e+13
6.321616153510319691e+00 1.244074572136204219e+14
3.940624165948634072e-01 5.416758726761939844e+13
9.468222994114512403e-01 1.388621110357509570e+13
2.071752142991385881e+00 2.469541148242982812e+13
3.105287808425941876e+00 1.675418325754208203e+13
5.239258984300931843e-02 1.440643275367227295e+12
1.943507016719649982e+00 6.053327103721085156e+13
1.255743573030940752e+00 3.372657498218560547e+13
2.807522859278492433e+00 4.447953289058884375e+13
2.112995464818936853e+00 4.866558879837756250e+13
1.102491751641366591e+00 4.532190744296761719e+12
1.397140762034155159e+00 7.501425374841253906e+12
8.217787529133602220e-03 1.937690637053724670e+11
1.808407015156433317e+00 4.375419706348521094e+13
2.343316961980121960e-01 2.706958520158645020e+12
4.003528628402932554e-01 8.188100414437053125e+13
4.636736778504825907e+00 6.837198454000518750e+13
2.514016640954935156e+00 6.657364242977717188e+13
1.187940237968746260e+00 1.680583725439734375e+13
7.971714289801070663e-01 9.373445011366001953e+12
1.902968739869152159e+00 2.669083822744931250e+13
1.403850626187534090e+00 2.096998672727670703e+13
7.271331235068601018e-02 4.023056893330229004e+12
4.824876896984108043e+00 5.620954355442285938e+13
6.251393823199578037e-01 2.566100677333291406e+13
3.343166336687204421e+00 9.401547943603157812e+13
1.755265421233445977e+00 1.288297456363599531e+14
3.202926005628228268e-01 3.322588906526022461e+12
1.434344476300111637e+00 1.758123841752587109e+13
1.301470353526099188e+00 2.317908238657783984e+13
1.043143430569671182e+00 3.744434545574116211e+12
3.315400915819679994e+00 1.346149527199343906e+14
3.632948797509413907e+00 7.658230774890731250e+13
1.551683435654410914e+00 3.402747024419089062e+13
5.099877089553501719e-01 8.650418410345112305e+12
3.131400030068220985e-01 1.947102203967383545e+12
4.950353673987137881e-01 6.767678443930076562e+13
8.136076675839376549e-03 1.073171065479061279e+11
6.259125526875777723e+00 1.448936740318204688e+14
1.599671848222783410e-01 2.236959099894767090e+12
8.774045609652603162e-01 6.727550276957608398e+12
2.533800522972455838e-01 4.543782612881746094e+13
1.390088897960595204e-02 6.605894721015017700e+10
7.202205355990429325e+00 7.281453187208553125e+13
2.412916098846949353e+00 1.607585171028620000e+14
2.745182632054365968e-03 1.893787556462957458e+11
8.194518825004138307e+00 7.527848301126037500e+13
1.424247804066908429e+00 1.344544341459747969e+14
8.130264725105007528e-02 5.446938290682789307e+11
7.866856843869413751e+00 1.912277825265489688e+14
2.109786246683142963e-02 2.090133773838659180e+12
2.678369215351494859e-02 2.134499204107058105e+12
5.227008414931333391e-02 9.520750956531137695e+11
2.958764136033494196e+00 4.048708231667138281e+13
3.537426995247187733e+00 2.666795038794131250e+13
1.886430812561457060e-02 8.934704818148334961e+11
7.054541609237332978e+00 1.101474952172428750e+14
7.770712700267267792e+00 2.612528136644699219e+13
3.746841998034824428e+00 3.961270384736167188e+13
3.455732478101424476e+00 3.111599916327771875e+14
1.141799465458461782e-01 6.152608423811084961e+12
4.301852033725822366e+00 3.183695642058281875e+14
1.348125764135374993e-01 6.003732540860667725e+11
6.320208037905103993e-01 4.123549799427152344e+13
2.099666212353156425e+00 1.105973094310123438e+14
1.903682329073035362e-01 4.976559407692140625e+12
8.556498116466286774e-01 2.130375052408392578e+13
5.585445340946080250e-01 2.900260309231871094e+12
1.854256490960835890e+00 4.017007167574242969e+13
1.088254913634045806e-02 7.109837310206867981e+10
7.258098655028732082e+00 3.289612376274908750e+14
2.448455807418440600e+00 7.329751792185971875e+13
2.271743618254049579e+00 1.264855339749851406e+14
1.564340050731516385e+00 2.822609569112416016e+13
6.734691930453777786e-01 3.718587819185898438e+13
3.490614869445892055e+00 3.288862082339688125e+14
6.748031990840672734e-01 6.334970067333628125e+13
1.107934451800929310e-02 4.182631770138794556e+11
7.582644130786775349e-01 4.898705492588326562e+13
1.135176075223398584e-01 1.113912024977242676e+12
2.515997214061371778e-03 9.362537377054133606e+10
2.541809297113559296e+00 2.426405868162315625e+14
1.232840015202896211e-01 1.328201213613551270e+12
5.188739168771689947e-01 3.865300006239198438e+13
6.593531700398216344e-01 3.020670682342561035e+12
