2.054304835145273955e+00 1.080831066740012031e+14
3.598194995674930396e-02 1.339219803658446045e+12
1.026470727569517294e-01 9.339407981144349365e+11
1.541666532801855283e-02 1.631320286880828247e+11
1.805008414859173627e+00 8.871482169080210938e+13
3.891229278451646678e-03 4.751009924447959900e+10
5.268788906898635105e+00 1.896512116667968750e+14
1.229609440520619046e+00 1.597190276582843359e+13
3.706748176348355628e-01 7.226920902018474609e+12
2.447000542815658264e-03 4.720208128263739014e+10
7.128157654256028763e-02 1.324544565188450684e+12
6.183279841329465398e+00 4.889544808540033594e+13
1.593675509214449448e-01 2.508919696627832031e+12
2.629150167520720061e+00 1.514712239050882188e+14
3.128117154801657307e-02 1.535414937629932251e+11
2.230148974888379598e-03 3.954968328355809021e+10
1.851777353007605598e+00 3.552826239209185938e+13
3.404212034172360291e-02 1.516243822048184204e+11
1.727831830271497893e-02 2.393254696117507935e+11
6.307821758178988603e-02 3.664816034790491333e+11
4.749114531944712780e+00 1.808540345145146875e+14
8.518660325444216141e-02 1.276572069807061035e+12
6.321616153510319691e+00 1.092006500906046875e+14
2.331802445072526098e-01 2.904510883107225586e+12
1.026017279285724726e-01 1.234898086615259277e+12
7.652449792218476432e-01 6.368518479826414844e+13
3.593763011706982979e-01 4.277875788071354980e+12
1.209947193749087546e+00 2.813766113484000781e+13
8.645777254514541710e-03 2.841146691575371552e+10
8.379924737270130208e-01 3.611229195150216406e+13
1.928362944948958102e-02 7.734870597117448425e+10
7.959451345584511728e-03 4.329802713659312744e+11
3.388885654483715371e-01 2.013910227664452881e+12
3.899383378171705772e-02 6.297584249560949707e+11
7.650948087064080028e-02 6.824852909986832275e+11
2.071752142991385881e+00 9.904164809170856250e+13
3.105287808425941876e+00 6.948164735305196094e+13
1.943507016719649982e+00 4.851113804116264844e+13
2.807522859278492433e+00 6.422701908099675000e+13
2.112995464818936853e+00 1.782277414260680469e+13
1.102491751641366591e+00 6.254302456660252344e+13
1.397140762034155159e+00 5.483689044509832812e+13
2.761268392697502350e-02 2.213830473560035095e+11
8.217787529133602220e-03 4.082080871594397736e+10
2.716554581178343142e-02 1.404286703449679565e+11
4.408633910088610719e-03 3.150414156170844269e+10
5.601917290041455999e-01 2.053818416159314062e+13
4.083565079611162218e-03 5.532109213936461639e+10
1.808407015156433317e+00 2.820775811311549609e+13
2.343316961980121960e-01 1.131742143334666016e+12
7.688188537790665578e-01 4.185771938228603906e+13
4.636736778504825907e+00 1.578383520555394688e+14
5.544341686766642852e-01 3.300012322437439844e+13
1.384983604418948744e+00 4.607524080098551562e+13
6.726044585150248167e-03 1.066047824676414337e+11
1.269493775419562098e+00 9.504819828320982812e+13
1.902968739869152159e+00 5.250511572814303125e+13
1.403850626187534090e+00 8.480708089997895312e+13
1.957330077789265488e-02 3.148274805579691772e+11
3.048583570944174426e-03 8.570455060488725281e+10
4.824876896984108043e+00 1.228540625149862500e+14
6.251393823199578037e-01 5.390864384424798438e+13
5.823144801411217486e-03 8.671016991118139648e+10
3.343166336687204421e+00 1.065632024137026406e+14
1.755265421233445977e+00 1.506591754078255938e+14
3.202926005628228268e-01 1.114605088040745703e+13
3.111025338910167193e-03 3.704340622701821899e+10
2.563522737312950994e-02 4.673535354551108398e+11
8.294761688136986777e-02 8.680397623524221191e+11
1.434344476300111637e+00 2.494341301103790234e+13
1.301470353526099188e+00 2.941450956408649609e+13
5.350370017038130754e-02 2.455590135101459351e+11
1.725170907290589639e-01 6.195752578725939453e+12
7.408445957253206871e-02 1.391731707117312988e+12
1.043143430569671182e+00 1.014862113195638086e+13
3.315400915819679994e+00 2.474293792301147812e+14
1.402781586747323672e-01 1.926993708242926758e+12
3.632948797509413907e+00 9.149463459157360938e+13
1.551683435654410914e+00 4.546469465139715625e+13
2.940201966367794739e+00 2.203517098033509375e+14
5.099877089553501719e-01 4.825482957974896484e+12
6.703840587420017982e-03 4.978681072837401581e+10
1.057200268642191077e+00 2.334490613644142969e+13
5.741915107473118951e-01 9.133336601156519531e+12
1.261308563465490806e-02 1.900701441945090027e+11
2.755713901632361740e-02 2.478369680314593201e+11
4.899177226576114208e+00 1.490347082459144375e+14
4.777522096105712990e-03 6.084246975624231720e+10
6.259125526875777723e+00 2.583130338986129062e+14
1.599671848222783410e-01 1.678612249655642822e+12
3.692751510470770882e-03 3.092734538586608505e+10
1.305297359368751131e-02 1.816942343712705688e+11
2.047406912083715724e-01 1.156069047337322021e+12
1.623133277041688416e-02 2.093838739781667786e+11
5.905071455202914876e-02 6.351498673530133057e+11
7.202205355990429325e+00 7.364505207670100000e+13
2.412916098846949353e+00 4.059198794451334375e+13
3.102548360371883973e-01 2.929652340045921387e+12
2.050245852092643872e+00 1.167422674954769531e+14
1.162049054477222398e+00 1.447750059080871680e+13
1.887695283496611864e+00 3.404026625627767969e+13
1.669528726216640280e-02 2.497589441763336182e+11
8.194518825004138307e+00 4.050305102169063750e+14
2.295073311034911967e-02 2.680907377278337402e+11
5.676618803662449864e-01 4.907908859431105469e+12
8.130264725105007528e-02 3.160750543994099121e+11
7.866856843869413751e+00 1.900571863228892500e+14
5.802698967759170046e-01 1.122561020837043555e+13
1.780044463390595411e-02 1.228077944706232605e+11
1.769555620159621867e-01 5.498150371276837158e+11
6.972757302395393708e-02 5.598364003748521729e+11
2.958764136033494196e+00 1.145208304227649531e+14
1.340384494108093349e-02 9.346055578866598511e+10
3.537426995247187733e+00 3.834127909901334375e+13
3.580318398206827624e-02 6.696806258021096191e+11
1.046998523924003166e-02 9.668304572076705933e+10
7.054541609237332978e+00 1.227100939341286250e+14
7.770712700267267792e+00 1.854815867053246562e+14
3.746841998034824428e+00 1.474575765509222812e+14
3.455732478101424476e+00 1.377146943986532031e+14
1.141799465458461782e-01 2.691852700421932617e+12
4.301852033725822366e+00 8.036298339498634375e+13
2.009373442046467062e+00 6.240618890412091406e+13
1.676322633829840925e-02 9.381816970897406006e+11
4.733666016311985913e-01 8.237656942455542969e+12
1.111490477442202973e-01 7.895917594897889404e+11
3.182289017411790155e-01 2.631583249793620605e+12
2.099666212353156425e+00 1.918678685355610156e+13
8.556498116466286774e-01 4.475044139087316406e+13
1.551550922107480801e-02 7.504836023256933594e+10
1.301974424594050106e-01 6.725865239530557861e+11
5.585445340946080250e-01 5.945028318957003906e+12
1.854256490960835890e+00 6.556164655570054688e+13
9.136288021011296223e-02 1.812452991551615723e+12
4.366356347748023836e-02 2.584098612522773743e+11
1.318863905203329523e+00 4.497973161290139844e+13
2.448455807418440600e+00 1.084238736752249688e+14
2.538764947871641198e-02 3.553807262694539185e+11
7.506845823922958516e-02 4.454096343546478882e+11
1.453290834228937456e-02 1.897001282111568604e+11
1.564340050731516385e+00 2.349142518688523438e+13
4.581311976778579265e-03 5.007938741450115204e+10
3.004540726533377892e-02 4.341252468140935059e+11
3.490614869445892055e+00 2.027290934434198125e+14
4.483201362631916709e-03 4.825663247191641235e+10
2.566712922289866583e-01 1.696817700920627197e+12
2.275466702053563495e-02 1.105204254217526703e+11
1.622547041946518220e-01 6.627307956324849854e+11
5.726773359299386357e-03 2.966271526549786758e+10
4.085544563679377461e-03 3.449715007310146332e+10
2.541809297113559296e+00 1.226979409277360781e+14
8.934138117179486471e-01 2.058864607329716797e+13
9.769872755683195464e-01 4.485312291083970312e+13
8.433441855061118986e-03 1.534530880906302185e+11
1.127770795812921278e-02 7.757079736392192078e+10
1.020397645791092600e+00 2.241643990990136719e+13
2.129964208931482972e-01 5.705272818610261719e+12
