3.598194995674930396e-02 3.560245817795951538e+11
3.219822681350592575e+00 1.020450749623038594e+14
1.026470727569517294e-01 7.476721803289571533e+11
8.240106243420086685e-03 1.480133243704426880e+11
9.671080468706350075e-03 7.502372130100319824e+11
5.268788906898635105e+00 1.371731453121884688e+14
3.842299347990660863e-01 1.120649236531911328e+13
1.552089310721953552e-01 4.611042385282640625e+12
2.364732635032282815e-01 1.645779275730971484e+13
1.840884028246136950e-02 7.380598938358615723e+11
3.001866585009338451e-02 1.263407832609333008e+12
8.207695109206269990e-03 1.536656130563799438e+11
6.536530413265495554e-01 3.169514427897174316e+12
6.026351840284860373e-02 4.926635813737843750e+12
1.201660083667604795e+00 3.029327251062676172e+13
1.851777353007605598e+00 6.641885808102029688e+13
7.396013152629166143e-03 1.224203850895714264e+11
3.404212034172360291e-02 3.177643538369401245e+11
6.307821758178988603e-02 1.249426202273494141e+12
4.749114531944712780e+00 5.742459839571606250e+13
6.321616153510319691e+00 6.145976403700652344e+13
8.379924737270130208e-01 5.825261317558316406e+13
3.469858236036316157e-02 1.402070930528813965e+12
9.468222994114512403e-01 1.778705087554978906e+13
7.959451345584511728e-03 7.821527808132749939e+10
3.388885654483715371e-01 7.903711541291104492e+12
8.236572096370764484e-02 8.768584579155183105e+11
2.071752142991385881e+00 6.969575647847303906e+13
3.105287808425941876e+00 1.644440400568714844e+13
1.943507016719649982e+00 2.792535854577414453e+13
1.102491751641366591e+00 5.162153745356449219e+13
6.628530512716110934e-01 3.766737102652375781e+13
1.397140762034155159e+00 1.787580656042216406e+13
2.249775810365690631e-01 3.839638253199677246e+12
3.629068266832291556e-02 3.413169357808388184e+12
5.601917290041455999e-01 4.361189622461453125e+13
1.808407015156433317e+00 3.006279195940518359e+13
2.343316961980121960e-01 2.414750961883300781e+12
6.979110409247368807e-03 1.640781586544198608e+11
4.003528628402932554e-01 4.846275529344078125e+12
1.384983604418948744e+00 4.687767787553092969e+13
7.428052183342970238e-03 2.738495398798367920e+11
4.687885619023290928e-02 5.739197285437628174e+11
1.269493775419562098e+00 3.805523783615284375e+13
1.902968739869152159e+00 6.207588494834485938e+13
2.781029497834310860e-01 9.936691866417535156e+12
1.403850626187534090e+00 3.526628151611554688e+13
6.251393823199578037e-01 3.265705241922770020e+12
3.343166336687204421e+00 8.056498968603840625e+13
1.755265421233445977e+00 4.634065324482846094e+13
3.202926005628228268e-01 3.721156822064217773e+12
1.708523556459340398e-02 4.201155126103678589e+11
7.215663244144252531e-01 3.640843484625263281e+13
1.402782856901580999e-01 6.532867340252496094e+12
3.315400915819679994e+00 9.440494441034829688e+13
5.396536327698413515e-01 3.545043179354051758e+12
3.694319636930458728e-01 7.368823276516746875e+13
3.632948797509413907e+00 1.216500242924890000e+14
1.087429755091307015e-02 9.678489082530103760e+11
1.551683435654410914e+00 3.425886873007921094e+13
5.099877089553501719e-01 3.870003088335250000e+12
3.131400030068220985e-01 6.958614462422288086e+12
6.973006969684547585e-02 9.661446914281683350e+11
4.950353673987137881e-01 9.272973214804371094e+12
1.261308563465490806e-02 2.182531758349613037e+11
2.755713901632361740e-02 2.991666219409825439e+11
4.899177226576114208e+00 1.259529872172980938e+14
4.777522096105712990e-03 2.782996365470304489e+10
6.259125526875777723e+00 1.196925972098965781e+14
1.599671848222783410e-01 1.029299407765149536e+12
8.774045609652603162e-01 8.350736460818862305e+12
7.202205355990429325e+00 2.055745660059309375e+14
1.866554127764175064e-02 8.181732291973452148e+11
2.412916098846949353e+00 2.986058260099378516e+13
3.102548360371883973e-01 2.437206914848882324e+12
2.050245852092643872e+00 5.338545764208504688e+13
1.558869322620921594e-01 1.942551085268525879e+12
1.669528726216640280e-02 1.525777753478863831e+11
8.194518825004138307e+00 2.610035189733450938e+14
5.676618803662449864e-01 3.732702249978163086e+12
7.866856843869413751e+00 1.899886452994410938e+14
2.707865274413734369e-02 5.911695335248209229e+11
5.802698967759170046e-01 2.060525721520348828e+13
2.678369215351494859e-02 3.396873747982733765e+11
2.958764136033494196e+00 8.301941225944285938e+13
1.886430812561457060e-02 6.002850950539306641e+10
7.054541609237332978e+00 1.025788799576984688e+14
7.770712700267267792e+00 9.651034246627846875e+13
3.746841998034824428e+00 8.035258626056745312e+13
3.455732478101424476e+00 1.335226528818939531e+14
4.301852033725822366e+00 1.616307789951465000e+14
6.540664302690402110e-03 5.242048208147414551e+11
1.348125764135374993e-01 1.329460339017168457e+12
4.733666016311985913e-01 1.843857618582283984e+13
6.326894220762824261e-03 1.026044747712604218e+11
3.182289017411790155e-01 4.106542601249973145e+12
1.903682329073035362e-01 4.487339958848611328e+12
1.551550922107480801e-02 2.295763936707906494e+11
6.253034638261851796e-01 1.820585873957182422e+13
5.585445340946080250e-01 5.384676801693084961e+12
4.524011632410633865e-01 3.164111406679684082e+12
1.854256490960835890e+00 3.235640575428681641e+13
1.190772103720973973e-01 2.544644018429366699e+12
9.136288021011296223e-02 1.038030037726179199e+12
5.803428615238885868e-01 5.233064552440447266e+12
7.258098655028732082e+00 8.899721227894367188e+13
1.318863905203329523e+00 3.293537242096660938e+13
2.448455807418440600e+00 2.689255936339527734e+13
2.538764947871641198e-02 4.793173881472841797e+11
8.773644645032163680e-03 1.336361380741869354e+11
6.734691930453777786e-01 1.304917714220428711e+13
3.490614869445892055e+00 1.701016956037202500e+14
6.748031990840672734e-01 1.427695912819822852e+13
2.566712922289866583e-01 2.174111693224145020e+12
7.582644130786775349e-01 1.416162646372160547e+13
5.003205444165814697e-01 5.476360359584203125e+12
1.622547041946518220e-01 2.020354838538406494e+12
8.472399045615475188e-03 5.059871783744612885e+10
1.586863588325968522e-01 9.748672525542988281e+12
2.541809297113559296e+00 4.464550170354600781e+13
5.188739168771689947e-01 8.508863814106482422e+12
6.593531700398216344e-01 9.585556903824628906e+12
6.846099059322341418e-02 5.526506390668207031e+12
2.129964208931482972e-01 3.561690929289013184e+12
