2.054304835145273955e+00 2.428146838437703516e+13
5.268788906898635105e+00 9.268965054839900000e+13
1.229609440520619046e+00 1.649214231706900391e+13
6.183279841329465398e+00 6.613158884913153906e+13
6.536530413265495554e-01 5.324496280938502930e+12
2.629150167520720061e+00 3.470496501993155859e+13
1.201660083667604795e+00 1.486000318579557227e+13
1.851777353007605598e+00 2.547822719519579688e+13
1.165138828313274644e+00 1.145016698406856641e+13
4.749114531944712780e+00 2.154616364952278906e+13
5.735782442457093566e-02 1.515972728088261963e+12
8.379924737270130208e-01 4.447272374529362305e+12
2.071752142991385881e+00 1.979216167758629688e+13
3.105287808425941876e+00 7.138847746043375000e+13
1.102491751641366591e+00 1.635523240203465820e+13
1.397140762034155159e+00 1.327185500461688672e+13
2.249775810365690631e-01 1.044229749534174683e+12
2.343316961980121960e-01 1.396670285296107910e+12
2.514016640954935156e+00 3.079033776425628906e+13
1.384983604418948744e+00 1.760911792785475781e+13
4.687885619023290928e-02 2.031401288322240906e+11
1.269493775419562098e+00 1.971157781839925000e+13
1.403850626187534090e+00 1.734200884700903711e+13
1.541255414002762336e-02 1.237115595634453583e+11
7.271331235068601018e-02 2.550493493696575012e+11
3.343166336687204421e+00 2.777228182495385938e+13
1.755265421233445977e+00 3.576262196008785938e+13
1.434344476300111637e+00 1.602424340198649414e+13
1.725170907290589639e-01 6.750424464622802734e+12
1.043143430569671182e+00 7.023047929567885742e+12
3.632948797509413907e+00 9.111316659885795312e+13
1.261308563465490806e-02 4.332655122148619843e+10
4.899177226576114208e+00 5.504783960986780469e+13
6.259125526875777723e+00 3.391691207794764453e+13
8.774045609652603162e-01 1.217545215899441602e+13
1.887109146120906189e+00 2.236744397247554688e+13
2.412916098846949353e+00 2.791295709143002344e+13
7.866856843869413751e+00 6.299956029000243750e+13
2.958764136033494196e+00 1.557056209033612109e+13
7.054541609237332978e+00 5.180518512894730469e+13
7.770712700267267792e+00 7.281190820292271875e+13
3.746841998034824428e+00 3.664510756735855469e+13
3.455732478101424476e+00 3.629774356508654688e+13
4.301852033725822366e+00 4.998890313124569531e+13
2.009373442046467062e+00 1.676748618084080469e+13
1.111490477442202973e-01 1.092987080573371680e+13
7.258098655028732082e+00 1.606864332525645312e+13
1.318863905203329523e+00 1.610932297770598828e+13
2.448455807418440600e+00 1.770213988938006641e+13
3.490614869445892055e+00 1.679489691885458008e+13
2.541809297113559296e+00 3.797993699644517188e+13
8.934138117179486471e-01 1.503130977894523438e+13
5.188739168771689947e-01 8.019099256345411133e+12
1.127770795812921278e-02 1.823676698679997314e+12
