1.913722353350678418e+02 1.991744237807690625e+14
2.088751281012298477e+02 1.356875618636328125e+14
2.586810542952938476e+02 1.048796153414146875e+14
2.238772822615291034e+02 8.134997613703293750e+13
9.232882667177494795e+01 8.926326791805179688e+13
2.203558252383933223e+02 1.480712381962051562e+14
2.475037253029806834e+02 1.124794779010045781e+14
1.889438535721646986e+02 1.453267559961400938e+14
2.264611168347279317e+02 2.994937451656089375e+14
1.970202895394473899e+02 1.851126343362244688e+14
2.547082335686345687e+02 1.158014889776026094e+14
2.224530120486481337e+02 1.621697911624020625e+14
2.581302552006052338e+02 1.259899309782002344e+14
2.345156915085551645e+02 2.767182501983010000e+14
2.343672414644820492e+02 1.189363070084598906e+14
2.455218850616809050e+02 2.057861807457655000e+14
2.321328660746759169e+02 2.273822422129332188e+14
2.166969637570259692e+02 1.341675470897511562e+14
1.253070279748422422e+02 7.075936393636771875e+13
1.803341533445698133e+02 2.483195500920602500e+14
9.307458829838395786e+01 1.522511450879428711e+13
2.444333736035900984e+02 1.991309027491021562e+14
1.605459583462085220e+02 1.507732088318951250e+14
2.419842801527635174e+02 2.057421261190158125e+14
2.325467817206639438e+02 9.971235673302384375e+13
2.409761114652091010e+02 1.791789274207038438e+14
2.599251077245858141e+02 1.656429088265532812e+14
2.093120533758437887e+02 9.376311083178498438e+13
2.139415960075415342e+02 2.448756026970233594e+13
2.599978885911041289e+02 1.607375245261249062e+14
2.413466736557247714e+02 2.106405987703247812e+14
2.492719640839168278e+02 1.461952430746476875e+14
2.492591290600445291e+02 2.353029689737370312e+14
2.287246211053435445e+02 3.211162713920853750e+14
2.419487789214531404e+02 1.148179007618757500e+14
2.494746383784519139e+02 7.352942832077353125e+13
2.569335328477810663e+02 1.547235404159630625e+14
1.885128679395261315e+02 2.475161121336465000e+14
1.667119946018041787e+02 1.716691268155868438e+14
2.592871790659385169e+02 5.702592590202250000e+13
2.599847715927969602e+02 1.558683269224598125e+14
2.531705756557179257e+02 1.024205815439828125e+14
2.367841262499882760e+02 2.263329038205517188e+14
2.317722627053957467e+02 4.052413762460316875e+14
1.059232808828419365e+02 1.944146163804203750e+14
1.834118275670192872e+02 1.304317821099267188e+14
2.299071449971836216e+02 2.084753174910007188e+14
2.399313424010427411e+02 2.026215068752944062e+14
2.564348344874399572e+02 1.400580593124289531e+14
9.715856375829201852e+01 2.791689779419251250e+14
2.557478870527948516e+02 1.628155406013674375e+14
1.465722048192247655e+02 3.005268970921003125e+13
1.234002842117104706e+02 8.324925815069917188e+13
2.592403814127560508e+02 3.093055020522601250e+14
1.680886814341559159e+02 6.159162124733841250e+14
2.144881123353088981e+02 1.939272472328545625e+14
2.574692759452727842e+02 1.346842036100946406e+14
2.548026855930343686e+02 2.279324494573618125e+14
1.318115798513977381e+02 2.814223274049845938e+14
1.736006747925110005e+02 5.201642147237768125e+14
2.484878522049399123e+02 3.288841196041599375e+14
2.312779029651985923e+02 3.677218134068298750e+14
1.654739677393583293e+02 1.097499883312764062e+14
2.400251657146563673e+02 2.009517635119464688e+14
1.682719900330885139e+02 7.637700764922840625e+13
2.021666492566616000e+02 1.690809995394309375e+14
1.015923495283308569e+02 5.550621255704586719e+13
2.159226263754416379e+02 6.763526301366996250e+14
1.679872300836527188e+02 2.118690014458721562e+14
2.384957585992525253e+02 2.353745726410995625e+14
2.580376996291965952e+02 2.777324810992326562e+14
1.566482930243815304e+02 6.011747611448585000e+14
1.910507098319285433e+02 1.048997069910842000e+15
9.730030810698968935e+01 1.589600331518988438e+14
1.380228624308424514e+02 3.467834877304789453e+13
2.508574467921901032e+02 2.081267107417085312e+14
2.006233963702995311e+02 3.425420368303751250e+14
1.911738862466809508e+02 1.727021519887348125e+14
2.596382641610920814e+02 1.521683545049830312e+14
2.389083513519788937e+02 1.893212506220977500e+14
2.599299157321073608e+02 2.328256425857461875e+14
1.379602780726180526e+02 2.739277716315860312e+14
1.531858044180002310e+02 1.672233315906480938e+14
2.174703260342548674e+02 2.506673832147651562e+14
2.164667120683225505e+02 3.634127731010368750e+14
1.653143043330971693e+02 1.306580754604517344e+14
1.581778689447884005e+02 4.970363883427609375e+14
