3.598194995674930396e-02 3.233499758750612183e+11
1.026470727569517294e-01 7.444259214971293945e+11
6.172823981280544103e-01 8.145137028300872070e+12
3.002205497440968429e-01 5.375408903518588867e+12
5.268788906898635105e+00 1.652675528356030938e+14
1.229609440520619046e+00 1.793046310767762109e+13
1.552089310721953552e-01 4.672673910484982422e+12
7.128157654256028763e-02 8.764692120790241699e+11
6.183279841329465398e+00 1.173313470656263438e+14
6.536530413265495554e-01 5.037087765936424805e+12
2.629150167520720061e+00 5.883642371292978125e+13
1.851777353007605598e+00 2.387333347625018750e+13
1.165138828313274644e+00 2.125393876981323438e+13
1.727831830271497893e-02 1.891303772757205811e+11
6.307821758178988603e-02 9.220156506746000977e+11
4.749114531944712780e+00 1.183813466427299844e+14
8.518660325444216141e-02 2.580778563126870605e+12
6.321616153510319691e+00 5.037870440666114062e+13
1.026017279285724726e-01 1.609722638393154785e+12
7.652449792218476432e-01 1.202909169676874023e+13
8.379924737270130208e-01 1.136830998210000586e+13
3.469858236036316157e-02 1.162223389041873779e+12
1.928362944948958102e-02 9.881061814378802734e+12
7.959451345584511728e-03 1.315749514526750031e+11
8.236572096370764484e-02 1.488184191184638184e+12
3.899383378171705772e-02 1.881586295878729248e+12
7.048582218658339116e-03 2.822630261237496338e+11
1.943507016719649982e+00 4.502447251247991406e+13
1.019987949700862373e-01 1.524892364934484619e+12
2.074515379615604616e-01 4.523786100738435547e+12
1.102491751641366591e+00 1.704093793205586328e+13
1.397140762034155159e+00 2.221221374651776953e+13
2.249775810365690631e-01 2.100065243953755615e+12
5.601917290041455999e-01 8.206653760231673828e+12
4.083565079611162218e-03 1.616371718918581238e+11
2.343316961980121960e-01 1.708264756124122803e+12
4.003528628402932554e-01 9.674184499508246094e+12
2.514016640954935156e+00 7.187577248021803125e+13
1.384983604418948744e+00 4.321833944039959375e+13
4.687885619023290928e-02 3.569425482151567993e+11
3.177857630106473152e-01 6.244945054565353516e+12
1.902968739869152159e+00 7.853717094053000000e+13
1.957330077789265488e-02 1.998332838306349121e+12
3.048583570944174426e-03 4.728205530346379852e+10
4.824876896984108043e+00 1.137897064244699531e+14
6.251393823199578037e-01 2.344113795093553125e+13
3.343166336687204421e+00 5.379328761315453125e+13
1.755265421233445977e+00 2.693077445707740234e+13
3.202926005628228268e-01 3.380824238892731934e+12
3.111025338910167193e-03 7.417995784697630310e+10
8.294761688136986777e-02 1.708761526895460938e+12
1.434344476300111637e+00 3.460177067052686719e+13
7.215663244144252531e-01 1.365840798940352734e+13
1.043143430569671182e+00 9.255666652897619141e+12
3.315400915819679994e+00 9.429463897048875000e+13
3.632948797509413907e+00 6.229834099446531250e+13
1.087429755091307015e-02 2.607907164176301758e+12
1.551683435654410914e+00 1.875318043210467188e+13
5.099877089553501719e-01 3.942721834979420410e+12
1.057200268642191077e+00 3.938998320781161719e+13
5.741915107473118951e-01 1.166144757691416992e+13
1.261308563465490806e-02 6.168922977816458130e+10
2.755713901632361740e-02 3.253332307697590332e+11
4.899177226576114208e+00 3.921312464891922656e+13
4.777522096105712990e-03 7.278865697485034180e+10
6.259125526875777723e+00 3.894008928480263281e+13
1.599671848222783410e-01 2.870321842362596191e+12
1.887109146120906189e+00 2.678943711819540625e+13
2.047406912083715724e-01 2.077428733786735156e+13
5.905071455202914876e-02 8.280248577068800049e+11
7.202205355990429325e+00 2.055677202789011250e+14
2.847980061915222905e-03 5.965631727120226288e+10
2.050245852092643872e+00 6.041512630676179688e+13
1.558869322620921594e-01 1.924647775300243652e+12
8.319687103107185067e-01 2.630886851773807422e+13
1.669528726216640280e-02 4.733239662155173340e+11
8.194518825004138307e+00 2.105569951487843750e+14
5.676618803662449864e-01 1.099169853757361523e+13
8.130264725105007528e-02 1.699362191754551392e+11
7.866856843869413751e+00 1.084214772201824219e+14
6.972757302395393708e-02 9.030202911251284180e+11
2.958764136033494196e+00 3.335693217860647656e+13
6.281865613163972739e-02 7.982654735399157715e+11
7.961387128657406720e-01 1.447514408999019531e+13
7.054541609237332978e+00 1.066714893927807656e+14
7.770712700267267792e+00 7.069552498841898438e+13
3.746841998034824428e+00 1.325807526271521719e+14
3.455732478101424476e+00 9.124597555619179688e+13
4.301852033725822366e+00 6.331483057716578125e+13
2.009373442046467062e+00 4.083440192729518750e+13
1.676322633829840925e-02 6.531625460485100098e+11
6.320208037905103993e-01 2.403596744547173438e+13
3.182289017411790155e-01 7.211388776041444336e+12
2.099666212353156425e+00 2.598290189314132422e+13
1.551550922107480801e-02 1.494994693945034180e+11
5.585445340946080250e-01 3.196390045968393555e+12
1.190772103720973973e-01 4.254863763589370605e+12
9.136288021011296223e-02 2.860455490581096191e+12
5.803428615238885868e-01 3.806485734814274414e+12
7.258098655028732082e+00 6.776825318744884375e+13
1.318863905203329523e+00 1.831013331707326562e+13
2.448455807418440600e+00 7.334859568196759375e+13
2.538764947871641198e-02 1.119496282049342651e+11
1.564340050731516385e+00 8.914799774831209375e+13
3.004540726533377892e-02 4.128039726106077881e+11
3.490614869445892055e+00 6.310840123944022656e+13
8.017428061009468365e-03 3.210061513111797485e+11
6.748031990840672734e-01 8.085857226389681250e+13
2.566712922289866583e-01 3.629447187476623535e+12
1.107934451800929310e-02 1.687707405508244324e+11
1.622547041946518220e-01 1.212953338907189941e+12
8.472399045615475188e-03 8.250245527902639771e+10
4.085544563679377461e-03 4.446543911016889191e+10
2.541809297113559296e+00 4.188560017675079688e+13
