2.204867437600446465e+02 5.804760695011460938e+13
2.088751281012298477e+02 9.453365532765653125e+13
2.586810542952938476e+02 5.303202005516251875e+14
9.739804308536668032e+01 1.082483613784174375e+14
9.232882667177494795e+01 1.620695730421416875e+14
2.203558252383933223e+02 1.687497367211630938e+14
2.475037253029806834e+02 2.334844189466213438e+14
1.889438535721646986e+02 2.499243790284546875e+14
2.264611168347279317e+02 1.312134413963268438e+14
1.970202895394473899e+02 3.268270734040135625e+14
2.547082335686345687e+02 3.702386153367355000e+14
2.224530120486481337e+02 2.013020178109483438e+14
1.116070822693898208e+02 1.849571584405479062e+14
2.581302552006052338e+02 4.364076107034761875e+14
2.345156915085551645e+02 2.082781015467467812e+14
2.343672414644820492e+02 2.771270775217113438e+14
2.455218850616809050e+02 2.667878319646540312e+14
2.321328660746759169e+02 2.487263163055288125e+14
2.166969637570259692e+02 1.694840047489800938e+14
1.253070279748422422e+02 1.468105550610786250e+14
1.803341533445698133e+02 1.743858737376530938e+14
9.307458829838395786e+01 5.143250154860695312e+13
2.444333736035900984e+02 2.623201872995405625e+14
1.605459583462085220e+02 4.341124769676130000e+14
2.419842801527635174e+02 2.258265935364360625e+14
2.325467817206639438e+02 1.730622246711272500e+14
2.409761114652091010e+02 1.365803102745772344e+14
2.599251077245858141e+02 3.162433206301984375e+14
2.139415960075415342e+02 9.107975573708492188e+13
2.599978885911041289e+02 4.101445168139371250e+14
2.413466736557247714e+02 4.411890251085171875e+14
2.492719640839168278e+02 4.070749849324083125e+14
2.287246211053435445e+02 1.670243404480520000e+14
2.494746383784519139e+02 1.671215426553780312e+14
2.569335328477810663e+02 2.254789713413897500e+14
1.020400639753497103e+02 6.786271506574535938e+13
1.667119946018041787e+02 4.098431238751460000e+14
2.592871790659385169e+02 3.176665437761581250e+14
2.599847715927969602e+02 4.121201429093295000e+14
2.531705756557179257e+02 7.336401586975395312e+13
2.367841262499882760e+02 9.493044022065982812e+13
2.317722627053957467e+02 4.735350697754540625e+14
1.059232808828419365e+02 4.845973041787548125e+14
1.834118275670192872e+02 1.845219195620402812e+14
2.299071449971836216e+02 3.795300358517583750e+14
2.466056343815549212e+02 5.160668369577355000e+14
2.564348344874399572e+02 1.952241394631144375e+14
9.715856375829201852e+01 1.955273906204926562e+14
2.557478870527948516e+02 1.728201053184391562e+14
1.465722048192247655e+02 2.218782005016490000e+14
1.234002842117104706e+02 1.742492289075837812e+14
1.928839126419157708e+02 6.878070366127045000e+14
2.592403814127560508e+02 3.278663509312905000e+14
2.144881123353088981e+02 3.044811308638216250e+14
2.574692759452727842e+02 2.081026939793876875e+14
2.548026855930343686e+02 2.136020464449900312e+14
1.318115798513977381e+02 3.462669370479158125e+14
2.484878522049399123e+02 2.456670541261610312e+14
2.312779029651985923e+02 8.373768927484992500e+14
1.654739677393583293e+02 1.567084838785111250e+14
1.682719900330885139e+02 2.562172872816835000e+14
2.021666492566616000e+02 4.457157410772331250e+14
1.489921567523552710e+02 5.300037465416925000e+14
2.384957585992525253e+02 5.301313102854399375e+14
2.580376996291965952e+02 2.291632152532116562e+14
9.730030810698968935e+01 5.068452362869224375e+14
1.380228624308424514e+02 2.223950730677621875e+14
2.508574467921901032e+02 3.074611262288014375e+14
2.479009133906874922e+02 1.432911575770853125e+14
2.006233963702995311e+02 2.311999222557692188e+14
2.596382641610920814e+02 2.556796135343128750e+14
2.599299157321073608e+02 2.650410122929173438e+14
1.379602780726180526e+02 2.642999840276156250e+14
1.531858044180002310e+02 4.394124067303496875e+13
1.100338806748873139e+02 8.085318722873282812e+13
2.174703260342548674e+02 3.023888953682278125e+14
2.164667120683225505e+02 1.404501940106632500e+14
1.653143043330971693e+02 2.243897691578726250e+14
