3.598194995674930396e-02 2.031533796111029358e+11
1.026470727569517294e-01 6.544441896240413818e+11
1.541666532801855283e-02 1.494998835624817200e+11
1.805008414859173627e+00 5.611245972556362500e+13
1.229609440520619046e+00 2.131729903373719531e+13
6.183279841329465398e+00 1.086117243634850000e+14
6.536530413265495554e-01 1.012832755643682422e+13
2.629150167520720061e+00 8.774695580441925000e+13
1.598599106887377275e-02 5.741960501846454620e+10
1.201660083667604795e+00 1.334148936154653906e+13
1.836387720356754016e+00 5.727385330742502344e+13
1.165138828313274644e+00 8.044155050551310547e+12
4.749114531944712780e+00 1.537218677434176250e+14
2.331802445072526098e-01 8.625925220881083008e+12
3.940624165948634072e-01 3.677192156282938477e+12
7.652449792218476432e-01 1.212933986055691797e+13
8.645777254514541710e-03 1.428236185739233093e+11
1.381150292820620962e-02 6.265997692349205017e+10
3.388885654483715371e-01 3.928746173827848633e+12
7.650948087064080028e-02 2.948469657444779663e+11
2.071752142991385881e+00 6.185702958948457812e+13
1.943507016719649982e+00 6.673250637917296094e+13
1.255743573030940752e+00 1.115144280992846484e+13
1.102491751641366591e+00 6.493809131967899414e+12
1.397140762034155159e+00 1.336125100387433203e+13
2.249775810365690631e-01 4.118246351923904297e+12
1.931950410761373860e-02 1.989436558309740295e+11
1.808407015156433317e+00 1.122533294140035938e+14
4.003528628402932554e-01 4.129264348314327637e+12
2.514016640954935156e+00 8.883491170923165625e+13
1.187940237968746260e+00 5.495803078982985938e+13
4.687885619023290928e-02 6.408121772070479736e+11
1.902968739869152159e+00 7.399780462564882812e+12
1.403850626187534090e+00 4.239136021834845312e+13
2.011154880619301366e-01 4.576213663916756836e+12
4.824876896984108043e+00 7.514324302544387500e+13
3.343166336687204421e+00 5.125309553843560938e+13
3.202926005628228268e-01 2.546055390052369141e+12
1.301470353526099188e+00 3.056241383541098828e+13
7.215663244144252531e-01 1.026052620874939844e+13
2.427692680456630114e-01 5.157249619854554688e+12
1.043143430569671182e+00 8.839088320130390625e+12
3.315400915819679994e+00 5.729597405072552344e+13
3.632948797509413907e+00 7.435030449970506250e+13
5.099877089553501719e-01 4.331288493595518066e+12
1.057200268642191077e+00 1.462871803573930078e+13
5.741915107473118951e-01 8.216409865791177734e+12
1.261308563465490806e-02 1.581036535180718384e+11
4.899177226576114208e+00 3.819830363029671094e+13
6.259125526875777723e+00 4.230197835915588281e+13
1.599671848222783410e-01 1.272673110732381592e+12
8.774045609652603162e-01 5.811965422142640625e+12
1.887109146120906189e+00 1.234932103271133789e+13
1.390088897960595204e-02 1.475749223969270020e+11
2.412916098846949353e+00 2.435931958099857812e+13
3.102548360371883973e-01 1.115733328624319727e+13
2.295073311034911967e-02 1.565988266454654236e+11
5.676618803662449864e-01 3.415495437183569824e+12
8.130264725105007528e-02 1.676825975584462280e+11
2.969879438353473233e-02 4.398601608784531860e+11
9.109919078811685722e-01 2.821942682827280078e+13
3.635205610059870196e+00 3.994133523009294531e+13
5.802698967759170046e-01 9.133665842002226562e+12
2.958764136033494196e+00 2.282868392349741016e+13
3.458600499050135113e-02 2.249513811763952637e+12
3.455732478101424476e+00 1.145870581795110547e+13
4.301852033725822366e+00 3.136635546665152344e+13
2.009373442046467062e+00 2.101873611820226562e+13
4.733666016311985913e-01 8.325459815208977539e+12
6.320208037905103993e-01 1.278862634294050000e+13
8.556498116466286774e-01 1.375212945489751758e+13
1.551550922107480801e-02 6.301650031799264526e+10
6.253034638261851796e-01 4.002719599250882812e+13
5.585445340946080250e-01 4.631421330705283203e+12
5.974481067519263888e-01 6.059553188766171875e+12
5.803428615238885868e-01 4.769944526765319336e+12
7.258098655028732082e+00 3.264990790182968359e+13
1.318863905203329523e+00 2.856777084041583984e+13
2.538764947871641198e-02 3.584034819124354858e+11
1.564340050731516385e+00 2.711085019268323828e+13
3.490614869445892055e+00 2.297931680402321875e+13
6.748031990840672734e-01 2.982101798796654688e+13
1.107934451800929310e-02 1.538519559070244141e+11
5.003205444165814697e-01 5.216897407826790039e+12
2.275466702053563495e-02 5.521023160957558594e+11
1.622547041946518220e-01 5.323376233963181763e+11
8.472399045615475188e-03 7.369294810647450256e+10
2.541809297113559296e+00 2.669750195073953906e+13
2.242221088619714919e+00 4.245598370891126562e+13
5.188739168771689947e-01 3.013371606578700684e+12
2.129964208931482972e-01 1.029358576123642969e+13
