2.054304835145273955e+00 3.967962674322908594e+13
1.881790496370001620e+00 1.811658870359540938e+14
1.026470727569517294e-01 9.103690127469589844e+12
1.541666532801855283e-02 1.214990017228873901e+11
1.289271829418225934e-01 4.399345465915882812e+12
1.805008414859173627e+00 7.187567769756432812e+13
1.144830096351370230e-01 4.664159517955868164e+12
5.268788906898635105e+00 2.470203881402359688e+14
1.229609440520619046e+00 3.374104312982375391e+13
2.447000542815658264e-03 8.133188147186662292e+10
6.183279841329465398e+00 9.050250390769810938e+13
6.536530413265495554e-01 3.001822687758764453e+13
2.629150167520720061e+00 1.501398198930711250e+14
3.128117154801657307e-02 5.014583346865087891e+11
1.598599106887377275e-02 1.077602842572912903e+11
1.201660083667604795e+00 3.543796773937146094e+13
2.208324015849143507e-01 1.153016609620479736e+12
7.396013152629166143e-03 8.605722513701402588e+11
1.165138828313274644e+00 2.799745372497403125e+13
1.727831830271497893e-02 1.883778196910532227e+11
6.307821758178988603e-02 4.604992958393020630e+11
4.749114531944712780e+00 8.390142972682556250e+13
6.321616153510319691e+00 8.153591329919878125e+13
2.331802445072526098e-01 1.101236830056928906e+13
1.026017279285724726e-01 1.405198927634751221e+12
3.940624165948634072e-01 2.417470056130463672e+13
6.369796880960620911e-03 2.022720667959173279e+11
8.379924737270130208e-01 2.234515490686781641e+13
3.469858236036316157e-02 4.322088723887424316e+11
9.468222994114512403e-01 2.657924243439220312e+13
8.236572096370764484e-02 6.152928096047047852e+12
3.899383378171705772e-02 8.065640335785659180e+11
2.071752142991385881e+00 5.107604488845151562e+13
7.682190984571093395e-01 5.540956537650857031e+13
3.105287808425941876e+00 1.179308405372679688e+14
5.239258984300931843e-02 1.197819669472966553e+12
1.943507016719649982e+00 5.005512635965465625e+13
1.019987949700862373e-01 2.048721122018180420e+12
4.835189453274324478e-03 2.404881481112006836e+11
2.112995464818936853e+00 7.545294423334951562e+13
1.102491751641366591e+00 1.727472345236203320e+13
6.628530512716110934e-01 3.599372465770526562e+13
1.072640351547988757e-01 9.646641488698921875e+12
1.397140762034155159e+00 2.863914195845895703e+13
2.249775810365690631e-01 1.320913129389799609e+13
2.716554581178343142e-02 8.705995673418195801e+11
4.408633910088610719e-03 5.015203379773273468e+10
5.601917290041455999e-01 6.572070701610160938e+13
1.808407015156433317e+00 5.373430558417875000e+13
2.343316961980121960e-01 1.622075567195850830e+12
7.688188537790665578e-01 6.560733137973221875e+13
4.003528628402932554e-01 1.627774894163528711e+13
4.636736778504825907e+00 5.886914181013699219e+13
2.514016640954935156e+00 8.115428294397701562e+13
1.384983604418948744e+00 2.385288363162302734e+13
1.187940237968746260e+00 7.794174091276067188e+13
7.428052183342970238e-03 1.129369223559025269e+11
4.687885619023290928e-02 3.273544184582466797e+12
7.971714289801070663e-01 2.800908872467029297e+13
2.308170666594833165e-03 1.241982138353137970e+11
5.080173971187491588e-01 2.915157750768284375e+13
3.177857630106473152e-01 1.296463214430936914e+13
1.902968739869152159e+00 3.738226695527372656e+13
1.403850626187534090e+00 4.996269966170620312e+13
1.957330077789265488e-02 1.232067332283143555e+12
6.251393823199578037e-01 2.197171972571804297e+13
3.343166336687204421e+00 6.821721854102890625e+13
1.755265421233445977e+00 4.037952235211992188e+13
3.202926005628228268e-01 6.388645000873442383e+11
2.563522737312950994e-02 3.724924232692463989e+11
8.294761688136986777e-02 6.973154517589632568e+11
1.708523556459340398e-02 1.601429697675054932e+11
3.076483633931843542e-01 2.442243335244900391e+13
1.434344476300111637e+00 4.821886904230789844e+13
7.215663244144252531e-01 4.282908562735591406e+13
1.043143430569671182e+00 1.554173074850300391e+13
3.315400915819679994e+00 4.344497241752121094e+13
5.396536327698413515e-01 1.172398045440998047e+13
3.694319636930458728e-01 2.677529226250605859e+13
3.632948797509413907e+00 8.063095031803245312e+13
1.551683435654410914e+00 3.126777149223113281e+13
5.099877089553501719e-01 1.670803111939341602e+13
7.582715485114022158e-03 1.391720744073802185e+11
4.950353673987137881e-01 1.492628758325557617e+13
1.057200268642191077e+00 4.954080649762885938e+13
5.741915107473118951e-01 2.625749200467647266e+13
1.261308563465490806e-02 4.942427717876199951e+11
2.755713901632361740e-02 1.420504037833662109e+11
4.899177226576114208e+00 1.326212349806022969e+14
4.777522096105712990e-03 5.760815883161766815e+10
6.259125526875777723e+00 1.335832186342629375e+14
1.599671848222783410e-01 7.511941579759586182e+11
8.774045609652603162e-01 4.045662436792636230e+12
1.887109146120906189e+00 8.671515920161770312e+13
2.047406912083715724e-01 2.240398113533420898e+12
7.296479772149382370e-01 8.579761797677551758e+12
1.623133277041688416e-02 6.734311011815074463e+11
5.351488097356309481e-01 7.460492541230098438e+13
7.202205355990429325e+00 1.932315889081324062e+14
2.412916098846949353e+00 6.006114727982821094e+13
2.050245852092643872e+00 6.357337986088473438e+13
1.887695283496611864e+00 2.136278699025459062e+14
8.319687103107185067e-01 1.523981100777603438e+14
1.424247804066908429e+00 1.025059567133921875e+14
2.295073311034911967e-02 3.078864114387239380e+11
3.727164721103235934e+00 4.450112280467900781e+13
7.866856843869413751e+00 1.883423636091704688e+14
9.109919078811685722e-01 3.854127529877776562e+13
4.280363462384002560e-01 3.001137805797516797e+13
3.635205610059870196e+00 7.525425693825187500e+13
6.972757302395393708e-02 4.850390368944960327e+11
2.958764136033494196e+00 7.595734111048093750e+13
3.537426995247187733e+00 2.066393076035011250e+14
7.961387128657406720e-01 1.344373031231645508e+13
7.054541609237332978e+00 2.576122519338976875e+14
7.770712700267267792e+00 1.654039452649502812e+14
3.746841998034824428e+00 9.973786282554634375e+13
3.455732478101424476e+00 1.563542496035358438e+14
4.301852033725822366e+00 5.546935100178962500e+13
1.503352674545226364e+00 1.975027306767015312e+14
2.009373442046467062e+00 1.627500302459758750e+14
1.676322633829840925e-02 1.207734955003393799e+12
6.326894220762824261e-03 7.065935722022689819e+10
1.111490477442202973e-01 4.052345555975669434e+12
6.320208037905103993e-01 1.879578173698241406e+13
2.099666212353156425e+00 1.927973377147414688e+14
8.556498116466286774e-01 2.385778007985031250e+13
1.551550922107480801e-02 1.064404274739011230e+11
6.253034638261851796e-01 2.195717453210844141e+13
5.585445340946080250e-01 6.398291014252006836e+12
4.524011632410633865e-01 7.019732349591484375e+12
1.854256490960835890e+00 1.271622468290639062e+14
5.974481067519263888e-01 1.251138311515541797e+13
5.803428615238885868e-01 6.167726322845721680e+12
7.258098655028732082e+00 9.045106178167462500e+13
1.318863905203329523e+00 1.596136453868285938e+13
2.448455807418440600e+00 1.768340759989881250e+14
1.453290834228937456e-02 1.573472996418870239e+11
1.564340050731516385e+00 2.699044575195014844e+13
3.004540726533377892e-02 2.989854128611295166e+11
3.490614869445892055e+00 1.560581775077333750e+14
1.973506307546017524e+00 2.665888767381690234e+13
6.748031990840672734e-01 2.907739207929156250e+13
3.297657206047688305e-01 4.589343343739444336e+12
2.218473573580581615e-01 3.754884137969195801e+12
5.003205444165814697e-01 2.249649567638466797e+13
1.622547041946518220e-01 7.794487801085421143e+11
8.472399045615475188e-03 8.242422906593426514e+10
1.586863588325968522e-01 1.212301200889947510e+12
4.085544563679377461e-03 4.739459376545422363e+11
6.439613059491193781e-01 1.067474081091861523e+13
2.541809297113559296e+00 1.014185802255898125e+14
1.232840015202896211e-01 3.498457404199814453e+12
1.760242791141308771e-01 9.400659550951173828e+12
8.934138117179486471e-01 7.069955919496121875e+13
9.769872755683195464e-01 5.344111444888375781e+13
2.242221088619714919e+00 1.110753875903048750e+14
8.433441855061118986e-03 1.231561735094328003e+11
4.012863040316005936e-03 7.641405607011169434e+10
5.188739168771689947e-01 5.038308497246680469e+13
1.127770795812921278e-02 2.090080521993782471e+12
1.020397645791092600e+00 1.275006394068899531e+14
2.129964208931482972e-01 3.365366504234239062e+13
