2.054304835145273955e+00 2.844502591414807500e+14
1.768202879303714781e+00 1.788266363579302500e+14
3.219822681350592575e+00 1.617554504542524375e+14
1.881790496370001620e+00 1.307721803571349844e+14
1.805008414859173627e+00 9.481006512545256250e+13
6.172823981280544103e-01 8.872366788881695312e+13
5.864146338583623219e+00 5.934221433577670000e+14
1.229609440520619046e+00 2.811441408096835938e+13
1.479794342431659970e+00 3.668364444359208594e+13
3.706748176348355628e-01 2.129228694998144375e+14
1.615860136894298194e-03 1.564369043090095520e+11
6.183279841329465398e+00 2.036231676072576875e+14
1.498938909239200257e-01 1.267889651034058984e+13
2.629150167520720061e+00 1.147928037807193125e+14
1.836387720356754016e+00 2.460321261557575625e+14
1.851777353007605598e+00 3.703263061401528750e+14
2.284251103878887079e-01 2.353888781891358887e+12
7.396013152629166143e-03 1.866439699727221375e+11
5.281210691691740067e-03 6.297387120572198486e+11
2.641204469129206700e+00 1.583770391589326875e+14
3.330589342597249924e+00 1.128296972056803906e+14
4.749114531944712780e+00 1.216447518380442031e+14
6.321616153510319691e+00 1.289212502616494375e+14
3.940624165948634072e-01 3.649861690313234375e+13
7.652449792218476432e-01 1.697468231027831250e+14
8.379924737270130208e-01 4.766750252701967773e+12
5.380993839958136959e-02 4.092073601143043457e+12
3.388885654483715371e-01 4.038597908324189062e+13
7.650948087064080028e-02 3.022490888082892090e+12
2.071752142991385881e+00 1.440522932327209062e+14
3.105287808425941876e+00 1.088026129164653594e+14
1.943507016719649982e+00 8.712757534538343750e+13
2.112995464818936853e+00 1.268798106600333281e+14
1.102491751641366591e+00 1.851548582699739062e+13
6.628530512716110934e-01 6.910723452798127344e+13
1.397140762034155159e+00 4.713832501820217969e+13
1.002970030693177250e+00 1.803993164015969922e+13
1.808407015156433317e+00 1.019811293613322656e+14
4.003528628402932554e-01 2.565069519121585938e+13
2.514016640954935156e+00 1.541030585602169062e+14
1.384983604418948744e+00 3.238400067192809375e+14
1.187940237968746260e+00 1.062483773478785625e+14
1.269493775419562098e+00 1.140384980551083750e+14
1.902968739869152159e+00 2.486825574923369141e+13
1.403850626187534090e+00 9.453548766321998438e+13
4.824876896984108043e+00 3.484618811922603125e+14
6.251393823199578037e-01 5.683471956216834375e+13
3.343166336687204421e+00 3.689353831350855625e+14
1.755265421233445977e+00 1.501507698591450000e+14
1.434344476300111637e+00 9.772277919412771875e+13
1.725170907290589639e-01 2.617924474249046484e+13
1.043143430569671182e+00 8.416158253056372070e+12
3.315400915819679994e+00 3.971604877069041250e+14
3.632948797509413907e+00 8.779990271926039062e+13
1.551683435654410914e+00 2.046612940858278750e+14
2.940201966367794739e+00 3.290667911987456875e+14
7.582715485114022158e-03 3.903022473807689667e+10
4.950353673987137881e-01 2.249077044353988672e+13
4.899177226576114208e+00 1.562808739371665000e+14
6.259125526875777723e+00 1.744830693112689375e+14
8.774045609652603162e-01 7.061136299814531250e+12
1.887109146120906189e+00 3.980591934560396875e+13
7.202205355990429325e+00 6.133387062065479688e+13
2.412916098846949353e+00 1.760161565982634062e+14
3.102548360371883973e-01 3.508128046984434375e+14
1.390691986377021294e+00 5.137219990205689062e+13
1.162049054477222398e+00 2.015612172260528906e+13
1.887695283496611864e+00 2.210180792375684766e+13
8.319687103107185067e-01 1.131508852574950938e+14
8.194518825004138307e+00 1.123780999428135469e+14
1.424247804066908429e+00 8.686021409063879688e+13
7.866856843869413751e+00 4.540321152397838125e+14
1.110909817435867808e-02 1.163416777534600098e+12
9.109919078811685722e-01 9.945710601938782812e+13
1.222029121759817372e+00 8.825994860963089062e+13
2.678369215351494859e-02 7.880919099798839111e+11
2.958764136033494196e+00 8.790303810767046875e+13
8.538679640969917273e-01 2.801271136129805859e+13
3.537426995247187733e+00 1.272567417290182656e+14
1.886430812561457060e-02 1.591525420360252686e+12
1.943240243191667105e+00 6.231603296366448438e+13
7.961387128657406720e-01 2.318656650165730078e+13
7.054541609237332978e+00 2.912993684715148750e+14
7.770712700267267792e+00 1.620652402415405000e+14
3.746841998034824428e+00 1.071957156531221406e+14
3.455732478101424476e+00 4.884402251492557031e+13
4.301852033725822366e+00 1.140772912048042188e+14
1.503352674545226364e+00 8.236655231264526562e+13
2.009373442046467062e+00 1.307724119967475000e+14
6.320208037905103993e-01 3.639690730789297656e+13
2.099666212353156425e+00 7.545336227063279688e+13
1.551550922107480801e-02 4.635785276041666412e+10
5.585445340946080250e-01 1.749048808669318848e+12
1.854256490960835890e+00 1.348985982298142188e+14
4.366356347748023836e-02 5.458675522906228516e+12
7.258098655028732082e+00 1.371481468596709219e+14
2.448455807418440600e+00 2.326406106952014688e+14
2.271743618254049579e+00 8.101166568998526562e+13
3.490614869445892055e+00 9.594525701115400000e+13
6.748031990840672734e-01 7.773317173892729688e+13
2.566712922289866583e-01 1.313170756519465332e+12
1.107934451800929310e-02 4.300461156820622559e+11
2.218473573580581615e-01 4.292356886809144531e+13
5.003205444165814697e-01 6.546517891745292188e+13
4.179567505472789435e+00 1.325885605879129062e+14
8.472399045615475188e-03 5.619511826760134125e+10
2.541809297113559296e+00 5.718472663468860156e+13
1.232840015202896211e-01 7.229107784817827148e+12
1.760242791141308771e-01 4.837145044643350000e+13
8.934138117179486471e-01 1.370751925145629531e+14
2.242221088619714919e+00 9.938742019756632812e+13
5.188739168771689947e-01 4.520976264606613281e+13
1.127770795812921278e-02 5.007956391712478638e+11
1.020397645791092600e+00 7.663423558261354688e+13
