2.204867437600446465e+02 2.256090428019912188e+14
1.913722353350678418e+02 9.716756337667610938e+13
2.088751281012298477e+02 1.443728623532147500e+14
2.586810542952938476e+02 3.797422307920930625e+14
2.238772822615291034e+02 1.297145594030139062e+14
9.739804308536668032e+01 7.000600340355635156e+13
2.203558252383933223e+02 2.157570933277301562e+14
2.475037253029806834e+02 1.698003648140199062e+14
1.889438535721646986e+02 2.143811345292886250e+14
2.264611168347279317e+02 1.361766911813781406e+14
1.970202895394473899e+02 3.240512541027123750e+14
2.547082335686345687e+02 2.414434176910515312e+14
2.224530120486481337e+02 2.377473644486295938e+14
1.116070822693898208e+02 1.675359897263761562e+14
2.345156915085551645e+02 1.654522215669680000e+14
2.343672414644820492e+02 2.150994529332749375e+14
2.455218850616809050e+02 2.109950757947416250e+14
2.321328660746759169e+02 2.450317085143243125e+14
2.166969637570259692e+02 2.246873929454401875e+14
1.253070279748422422e+02 1.533542720590620000e+14
1.803341533445698133e+02 1.628586730466689688e+14
9.307458829838395786e+01 2.163015493867660938e+14
2.444333736035900984e+02 1.390708940729543281e+14
1.605459583462085220e+02 2.117659449884083438e+14
2.419842801527635174e+02 4.820566203930431250e+14
2.325467817206639438e+02 3.696085564390244375e+14
2.409761114652091010e+02 1.728959110847245938e+14
2.599251077245858141e+02 1.269785885533097250e+15
2.093120533758437887e+02 1.436562352359517188e+14
2.139415960075415342e+02 2.870856600481801875e+14
2.599978885911041289e+02 9.721339063384218750e+14
2.413466736557247714e+02 2.476288209219767500e+14
2.492719640839168278e+02 2.728389037195287812e+14
2.492591290600445291e+02 5.482694358776215625e+14
2.287246211053435445e+02 1.563179091578228750e+14
2.419487789214531404e+02 1.294774452004869219e+14
2.494746383784519139e+02 2.870979759805568125e+14
2.569335328477810663e+02 2.699166772781764688e+14
1.885128679395261315e+02 1.988357792186637812e+14
1.020400639753497103e+02 1.021501938022033281e+14
1.667119946018041787e+02 2.812086980175597500e+14
2.592871790659385169e+02 7.056637803886191250e+14
2.599847715927969602e+02 9.342608824194848750e+14
2.367841262499882760e+02 1.924260768525706875e+14
2.317722627053957467e+02 2.706963250255926562e+14
1.834118275670192872e+02 2.073250089979509375e+14
2.299071449971836216e+02 1.910936224989173438e+14
2.399313424010427411e+02 2.522903825421100625e+14
2.564348344874399572e+02 9.912175576576612500e+13
9.715856375829201852e+01 2.035020525725143438e+14
1.465722048192247655e+02 2.240654682795140625e+14
1.234002842117104706e+02 1.177540640057583438e+14
1.928839126419157708e+02 2.685790108638593750e+14
2.592403814127560508e+02 1.241891311010783281e+14
1.585062692759562424e+02 9.707267415515454688e+13
2.144881123353088981e+02 6.303090351203191250e+14
1.318115798513977381e+02 1.448463711036013125e+14
1.654739677393583293e+02 9.891083806411056250e+13
2.400251657146563673e+02 8.845860820266859375e+13
1.682719900330885139e+02 8.822363328401796875e+13
2.021666492566616000e+02 2.116152361985333438e+14
1.015923495283308569e+02 2.173616464442858984e+13
1.489921567523552710e+02 2.133560579347302188e+14
1.566482930243815304e+02 1.329477544658841250e+14
9.730030810698968935e+01 1.003072706743225469e+14
1.380228624308424514e+02 1.940968722316336875e+14
2.508574467921901032e+02 1.342301689481927656e+14
2.479009133906874922e+02 2.927600215235768750e+14
2.006233963702995311e+02 1.387927891286601719e+14
2.596382641610920814e+02 8.407993605205273438e+13
2.389083513519788937e+02 2.500428376327473125e+14
2.599299157321073608e+02 1.044799941245685938e+14
1.531858044180002310e+02 1.242520802131581719e+14
1.100338806748873139e+02 1.102589841115322188e+14
2.174703260342548674e+02 2.123607989659305000e+14
1.653143043330971693e+02 8.958754498563939062e+13
1.581778689447884005e+02 1.013544569375925781e+14
