2.054304835145273955e+00 1.574314501136790000e+14
1.881790496370001620e+00 2.552369277370228516e+13
1.805008414859173627e+00 3.060990770413323438e+13
5.864146338583623219e+00 2.634710281503490938e+14
9.671080468706350075e-03 1.891606916753600769e+11
3.002205497440968429e-01 8.568290230809103516e+12
5.268788906898635105e+00 3.581810721310786875e+14
3.842299347990660863e-01 2.865023841113936523e+12
1.229609440520619046e+00 4.044511330572640625e+13
1.479794342431659970e+00 6.036327582412436719e+13
2.364732635032282815e-01 5.168225336309689453e+12
1.930026360378178651e-02 7.656252264394616699e+11
1.840884028246136950e-02 2.978196507857719727e+11
7.128157654256028763e-02 1.308190229410617432e+12
3.001866585009338451e-02 5.666057979877413330e+11
6.536530413265495554e-01 2.705483927354037598e+12
6.026351840284860373e-02 1.106263300156547119e+12
9.500817086541246681e-02 1.574298316733964355e+12
1.836387720356754016e+00 4.894971001323657812e+13
1.851777353007605598e+00 5.394148351974052344e+13
2.284251103878887079e-01 3.501726133826926758e+12
2.641204469129206700e+00 1.865743884842809688e+14
3.330589342597249924e+00 8.015216826943953125e+13
1.727831830271497893e-02 1.566805269126049500e+11
4.749114531944712780e+00 1.796059033488702500e+14
2.455533864861081383e-03 6.468033232850793457e+10
8.379924737270130208e-01 1.848237190967428125e+13
3.105287808425941876e+00 8.880463026575012500e+13
1.961755943102616584e-02 7.179033163240725098e+11
1.943507016719649982e+00 2.485690895582890234e+13
1.255743573030940752e+00 1.894209797777160156e+13
2.807522859278492433e+00 9.001559033993145312e+13
1.102491751641366591e+00 1.720724454736255273e+13
1.397140762034155159e+00 3.238605239386058594e+13
2.761268392697502350e-02 2.139753062922344971e+11
2.716554581178343142e-02 2.633655730834904785e+11
2.343316961980121960e-01 7.809859124196947021e+11
6.979110409247368807e-03 1.081196788869857941e+11
4.003528628402932554e-01 1.304310506097460156e+13
4.636736778504825907e+00 1.457928232879368438e+14
1.384983604418948744e+00 2.255850929423464844e+13
3.377718634521897911e-02 1.065135816696201660e+12
2.781029497834310860e-01 3.362579613670865234e+12
4.824876896984108043e+00 2.491998803153571250e+14
3.343166336687204421e+00 1.429667157109173438e+14
1.755265421233445977e+00 1.021518067037479102e+13
2.563522737312950994e-02 6.342296973231462402e+11
1.708523556459340398e-02 1.037376253330257416e+11
1.434344476300111637e+00 3.220480623542137891e+13
1.301470353526099188e+00 1.787698159927042188e+13
2.572804861301847268e-03 4.123680318854459381e+10
1.402782856901580999e-01 1.902722719575666992e+12
3.315400915819679994e+00 1.779245242853837188e+14
3.632948797509413907e+00 4.997457848419875000e+13
3.131400030068220985e-01 1.210631530534796387e+12
1.057200268642191077e+00 1.307538666760969141e+13
4.150497467123841489e-01 8.762013489005139062e+13
1.649806612726933963e-02 3.198355704938085938e+11
4.777522096105712990e-03 4.446289535553825378e+10
6.259125526875777723e+00 1.363004491027751875e+14
8.774045609652603162e-01 7.084963667298370117e+12
1.623133277041688416e-02 1.704876269034023132e+11
1.866554127764175064e-02 4.463922427357001343e+11
2.412916098846949353e+00 7.779499084896268750e+13
1.162049054477222398e+00 1.136905500981728281e+14
8.194518825004138307e+00 5.215716686855235156e+13
7.866856843869413751e+00 2.412400327647746875e+14
4.780100594746272691e-02 6.089332538022062988e+11
1.222029121759817372e+00 5.783647087222103125e+13
6.972757302395393708e-02 7.784671156796511230e+11
8.538679640969917273e-01 2.315817606506537109e+13
7.961387128657406720e-01 9.637252494903503906e+12
7.054541609237332978e+00 1.394119478387953750e+14
7.770712700267267792e+00 7.665746634801123438e+13
4.125633374854942304e-02 4.314700967826036987e+11
4.301852033725822366e+00 1.312269253407742969e+14
2.009373442046467062e+00 6.667803454798017969e+13
6.320208037905103993e-01 1.812720046104299219e+13
5.585445340946080250e-01 4.549206243082649414e+12
1.854256490960835890e+00 6.959468498444807031e+13
4.366356347748023836e-02 1.964653868934201965e+11
7.258098655028732082e+00 9.193941859846823438e+13
2.448455807418440600e+00 1.290251590383517188e+14
7.506845823922958516e-02 8.680463810763342285e+11
2.271743618254049579e+00 3.613587106530949219e+13
3.004540726533377892e-02 6.930912480273272705e+11
3.490614869445892055e+00 1.138476433665465938e+14
6.748031990840672734e-01 1.542267192615907422e+13
1.207951204366963793e-02 2.670991232834605103e+11
8.934138117179486471e-01 2.610157264091821875e+13
8.433441855061118986e-03 2.336863495205310059e+11
6.593531700398216344e-01 6.092910412811991211e+12
6.846099059322341418e-02 2.096251927497433350e+12
1.020397645791092600e+00 5.790165953440151562e+13
