2.204867437600446465e+02 1.112587228080201875e+14
1.913722353350678418e+02 5.579053480193121875e+13
2.088751281012298477e+02 2.537239682947320625e+14
2.586810542952938476e+02 1.247921796752451250e+14
9.739804308536668032e+01 7.879773448625287500e+13
2.203558252383933223e+02 4.094380842909794375e+14
2.475037253029806834e+02 5.317827172030015625e+13
1.889438535721646986e+02 2.325320038287746562e+14
2.264611168347279317e+02 3.705278263914859375e+14
1.970202895394473899e+02 6.725549331169870312e+13
2.547082335686345687e+02 3.923247559597201562e+13
2.224530120486481337e+02 3.628510884102950625e+14
2.345156915085551645e+02 2.895640797507673125e+14
2.343672414644820492e+02 3.917903792434320000e+14
2.455218850616809050e+02 2.973988103140433750e+14
2.321328660746759169e+02 3.552621271912440625e+14
2.166969637570259692e+02 3.625621827425650625e+14
1.253070279748422422e+02 9.407946001619370312e+13
1.803341533445698133e+02 2.224553748094026250e+14
9.307458829838395786e+01 6.451721738701998438e+13
2.444333736035900984e+02 2.973914009196636875e+14
1.605459583462085220e+02 9.272254303434890625e+13
2.419842801527635174e+02 5.640733067635921094e+13
2.325467817206639438e+02 3.782998382264165625e+14
2.409761114652091010e+02 2.882650239705768125e+14
2.599251077245858141e+02 1.398769530003643750e+14
2.139415960075415342e+02 1.043357390780785625e+14
2.599978885911041289e+02 1.980104261266761250e+14
2.413466736557247714e+02 3.971033458300814375e+14
2.492719640839168278e+02 3.283325706876468750e+14
2.492591290600445291e+02 1.949348663591535000e+14
2.287246211053435445e+02 3.759031291862417500e+14
2.419487789214531404e+02 4.554386830345185156e+13
2.494746383784519139e+02 3.398818506287953750e+14
2.569335328477810663e+02 2.239052903847501875e+14
1.020400639753497103e+02 7.898440061983412500e+13
1.667119946018041787e+02 8.683172645776614062e+13
2.592871790659385169e+02 5.363662971600793750e+13
2.599847715927969602e+02 1.966594198363430000e+14
2.531705756557179257e+02 6.860127549102314062e+13
2.367841262499882760e+02 2.268501047782044375e+14
2.317722627053957467e+02 3.591220150651678750e+14
1.834118275670192872e+02 1.285221684026500781e+14
2.399313424010427411e+02 5.202119423204633594e+13
9.715856375829201852e+01 1.754686761585478438e+14
1.465722048192247655e+02 2.980006922369887891e+13
1.234002842117104706e+02 2.514971857991641016e+13
1.928839126419157708e+02 5.619154532665828906e+13
1.680886814341559159e+02 1.735988226773977812e+14
2.144881123353088981e+02 1.361422571727363594e+14
1.736006747925110005e+02 3.409090749040380625e+14
2.312779029651985923e+02 1.368768215841635469e+14
1.654739677393583293e+02 1.145540671424906719e+14
2.400251657146563673e+02 2.120865141530813750e+14
2.100047151968867070e+02 1.266979994888368281e+14
1.015923495283308569e+02 2.684569151434557422e+13
1.489921567523552710e+02 3.443460495988857500e+14
2.159226263754416379e+02 1.323474471233215938e+14
1.566482930243815304e+02 1.721771668068416562e+14
1.910507098319285433e+02 2.863240716593138750e+14
9.730030810698968935e+01 2.517716509726375312e+14
1.380228624308424514e+02 2.983389152799090234e+13
2.006233963702995311e+02 9.202511420583118750e+13
2.063234237313706103e+02 1.301349113113345000e+14
2.174703260342548674e+02 1.960126848732965312e+14
2.164667120683225505e+02 9.866040353169295312e+13
