2.586810542952938476e+02 4.060542519252578906e+13
2.475037253029806834e+02 4.183625368439501562e+13
1.889438535721646986e+02 4.352465310896931250e+13
1.970202895394473899e+02 6.739825880550132031e+13
2.547082335686345687e+02 4.039925406737147656e+13
1.116070822693898208e+02 3.899168176045871875e+13
2.581302552006052338e+02 4.226179699833536719e+13
2.343672414644820492e+02 4.374640495409986719e+13
2.455218850616809050e+02 4.955560387097792969e+13
2.321328660746759169e+02 4.490882411509534375e+13
1.253070279748422422e+02 1.111875585910614844e+14
9.307458829838395786e+01 2.590318249520703438e+14
2.444333736035900984e+02 3.551175820981826562e+13
1.605459583462085220e+02 9.205592373077853125e+13
2.409761114652091010e+02 3.165143302839525000e+13
2.599251077245858141e+02 4.939686012348529688e+13
2.599978885911041289e+02 4.455854118655497656e+13
2.413466736557247714e+02 4.504806767564226562e+13
2.492719640839168278e+02 3.699046963955061719e+13
2.419487789214531404e+02 3.272838000437063281e+13
2.494746383784519139e+02 3.600386960634195312e+13
2.569335328477810663e+02 3.999076697501749219e+13
1.667119946018041787e+02 9.472203809264656250e+13
2.599847715927969602e+02 4.527981387010718750e+13
2.317722627053957467e+02 3.636843311853585156e+13
1.834118275670192872e+02 1.004485968978249531e+14
2.299071449971836216e+02 3.891527493526039062e+13
2.466056343815549212e+02 4.988273063960846875e+13
2.399313424010427411e+02 6.729942348189475781e+13
2.564348344874399572e+02 5.561463607368395312e+13
2.557478870527948516e+02 5.054015516459733594e+13
1.465722048192247655e+02 8.058778642161471875e+13
1.234002842117104706e+02 7.991854351785031250e+13
1.928839126419157708e+02 7.946957533149209375e+13
2.592403814127560508e+02 4.397365767531557812e+13
2.144881123353088981e+02 7.698690225823617188e+13
2.574692759452727842e+02 5.462573771603685938e+13
2.548026855930343686e+02 5.007098890390806250e+13
2.484878522049399123e+02 4.672509339638803125e+13
1.654739677393583293e+02 1.048530005880704375e+14
2.021666492566616000e+02 4.219688537133596875e+13
1.015923495283308569e+02 1.760392282994260625e+14
2.384957585992525253e+02 4.425486191127562500e+13
2.580376996291965952e+02 5.207940527088083594e+13
1.566482930243815304e+02 3.409435779414164062e+13
9.730030810698968935e+01 2.857945981949156250e+13
1.380228624308424514e+02 9.124916464864118750e+13
2.006233963702995311e+02 4.027929104460397656e+13
2.596382641610920814e+02 5.861210172500780469e+13
2.389083513519788937e+02 4.440361368691732031e+13
2.599299157321073608e+02 5.944436735437364844e+13
2.174703260342548674e+02 2.722412251651806250e+13
1.581778689447884005e+02 3.391413323260867969e+13
