1.913722353350678418e+02 5.100251474291545312e+13
2.088751281012298477e+02 2.802823745284732812e+13
2.586810542952938476e+02 2.671175745477599609e+13
9.739804308536668032e+01 3.144371172236820703e+13
9.232882667177494795e+01 2.655287647030154688e+13
2.203558252383933223e+02 2.491986011334489453e+13
2.475037253029806834e+02 3.645740377514988281e+13
1.889438535721646986e+02 1.579315280319809180e+13
2.547082335686345687e+02 3.067675252768777344e+13
1.116070822693898208e+02 2.399163025173113672e+13
2.581302552006052338e+02 2.138575963420608594e+13
2.345156915085551645e+02 2.274759443407186719e+13
2.343672414644820492e+02 2.032263368540546094e+13
2.321328660746759169e+02 1.670437764961584961e+13
2.166969637570259692e+02 2.794664136077476172e+13
1.791518695006626558e+02 2.538504072676475781e+13
1.253070279748422422e+02 1.927082440888058203e+13
1.803341533445698133e+02 4.323840521862606250e+13
9.307458829838395786e+01 3.465423616009314062e+13
2.444333736035900984e+02 1.689796598896058984e+13
2.419842801527635174e+02 3.201025658319423828e+13
2.599251077245858141e+02 1.790085683351755078e+13
2.599978885911041289e+02 1.747361193749072852e+13
2.413466736557247714e+02 2.105409407449724609e+13
2.492591290600445291e+02 2.510524974438920703e+13
2.287246211053435445e+02 2.688681922769776953e+13
2.419487789214531404e+02 3.386285732468598438e+13
2.494746383784519139e+02 1.637648279920908594e+13
1.020400639753497103e+02 3.264653586906905469e+13
2.599847715927969602e+02 1.738814118401061133e+13
2.367841262499882760e+02 2.443420135133130859e+13
2.299071449971836216e+02 9.141795355054075000e+13
2.564348344874399572e+02 1.070983547624155469e+14
2.592403814127560508e+02 1.306962198035978750e+14
1.585062692759562424e+02 6.334553036180358594e+13
1.318115798513977381e+02 4.130057339991196094e+13
1.736006747925110005e+02 6.959358253209919531e+13
2.400251657146563673e+02 1.344815986348775781e+14
1.489921567523552710e+02 9.268823631846178125e+13
2.159226263754416379e+02 3.725016601043443750e+13
2.384957585992525253e+02 1.258574121485704219e+14
1.566482930243815304e+02 6.808143272700379688e+13
1.910507098319285433e+02 5.586635183099773438e+13
9.730030810698968935e+01 1.064319617028710625e+14
2.508574467921901032e+02 9.574651816255929688e+13
2.479009133906874922e+02 1.184819172575586719e+14
2.006233963702995311e+02 6.072297330219959375e+13
2.389083513519788937e+02 1.211394861621962188e+14
2.599299157321073608e+02 2.013923133771448125e+14
1.531858044180002310e+02 4.917071552704071094e+13
1.100338806748873139e+02 2.713125028699061328e+13
2.174703260342548674e+02 8.112364562949112500e+13
2.164667120683225505e+02 1.501173915763913750e+14
