2.204867437600446465e+02 1.668426347215296875e+14
1.913722353350678418e+02 6.363775963167407500e+14
2.586810542952938476e+02 1.323377921161100312e+14
2.238772822615291034e+02 1.870873770508212500e+14
9.232882667177494795e+01 2.874637608797360625e+14
1.889438535721646986e+02 1.349154981452590312e+14
2.264611168347279317e+02 1.781134221230424688e+14
1.970202895394473899e+02 2.770936917819967812e+14
2.547082335686345687e+02 2.010296285236708750e+14
2.224530120486481337e+02 3.492095841349273750e+14
1.116070822693898208e+02 2.539868433829121250e+14
2.581302552006052338e+02 2.150564249884775000e+14
2.345156915085551645e+02 1.797597832962534375e+14
2.455218850616809050e+02 1.970571390799392188e+14
2.166969637570259692e+02 3.729661609850576250e+14
1.791518695006626558e+02 1.628032470767369688e+14
1.253070279748422422e+02 2.592874950995475000e+14
9.307458829838395786e+01 3.811307450476055469e+13
2.444333736035900984e+02 2.017165004266178125e+13
1.605459583462085220e+02 2.781095078515002188e+14
2.419842801527635174e+02 1.594378335459448438e+14
2.599251077245858141e+02 1.950043973805885312e+14
2.093120533758437887e+02 5.268407984437393750e+14
2.599978885911041289e+02 1.836902131285987188e+14
2.492719640839168278e+02 7.990202709969256250e+14
2.492591290600445291e+02 1.105592763698078125e+14
2.287246211053435445e+02 1.509684906151025312e+14
2.419487789214531404e+02 2.556196973213562188e+14
1.885128679395261315e+02 5.132355577973229375e+14
1.667119946018041787e+02 1.909038321343850938e+14
2.592871790659385169e+02 1.291543557441349062e+14
2.599847715927969602e+02 1.693097404134792500e+14
2.531705756557179257e+02 1.920673280712928750e+14
2.367841262499882760e+02 1.676871398124285625e+14
2.317722627053957467e+02 2.170624045756600938e+14
1.059232808828419365e+02 1.601158614032226562e+14
2.299071449971836216e+02 1.011436913128417812e+14
2.399313424010427411e+02 9.579326507827551562e+13
2.564348344874399572e+02 4.171442429872930469e+13
2.557478870527948516e+02 1.338539876690410781e+14
1.465722048192247655e+02 1.177349287158279062e+14
1.234002842117104706e+02 1.139771563572362656e+14
2.592403814127560508e+02 5.710335810808366406e+13
1.585062692759562424e+02 1.050964256506748594e+14
2.144881123353088981e+02 6.787860620308308594e+13
2.548026855930343686e+02 6.168093264518131250e+13
1.318115798513977381e+02 1.621512997368062812e+14
1.654739677393583293e+02 9.888785352035906250e+13
2.400251657146563673e+02 5.229707164068628906e+13
1.682719900330885139e+02 1.635945790742285625e+14
2.021666492566616000e+02 5.703774813177967969e+13
1.015923495283308569e+02 8.340385138666964062e+13
2.159226263754416379e+02 1.558360076644719688e+14
1.679872300836527188e+02 9.987986883325409375e+13
2.384957585992525253e+02 2.195490385382729375e+14
2.580376996291965952e+02 6.362217440587171875e+13
1.910507098319285433e+02 1.790308940527784688e+14
9.730030810698968935e+01 3.240533258234230000e+14
1.380228624308424514e+02 1.142037150316451094e+14
2.508574467921901032e+02 1.838794453835888125e+14
2.479009133906874922e+02 5.064604358237054688e+13
2.006233963702995311e+02 5.915037166870158750e+14
1.911738862466809508e+02 2.781544311275827500e+14
2.596382641610920814e+02 4.331689402351587500e+13
2.389083513519788937e+02 2.150463110338103750e+14
2.599299157321073608e+02 5.043055148096768750e+13
1.379602780726180526e+02 2.309536800878809375e+14
1.531858044180002310e+02 2.398091734909075000e+14
1.100338806748873139e+02 1.210915371665842969e+14
2.063234237313706103e+02 1.575503352045860625e+14
2.174703260342548674e+02 1.138298659738181875e+14
2.164667120683225505e+02 1.787870794933106875e+14
1.653143043330971693e+02 1.673678308386423750e+14
1.581778689447884005e+02 6.571901199898878125e+13
