2.204867437600446465e+02 1.883734827344713750e+14
1.913722353350678418e+02 2.105970773399205312e+14
2.088751281012298477e+02 1.211892127961859375e+14
2.586810542952938476e+02 1.280186810832325156e+14
2.238772822615291034e+02 1.675318939294450938e+14
9.739804308536668032e+01 4.989723172856199219e+13
2.203558252383933223e+02 1.397596103134119844e+14
2.475037253029806834e+02 1.186326406707936094e+14
1.889438535721646986e+02 6.615254436585308594e+13
2.264611168347279317e+02 2.385010625933790625e+14
1.970202895394473899e+02 2.675819024953034375e+14
2.547082335686345687e+02 1.259970546397164375e+14
2.224530120486481337e+02 6.607591197495991406e+13
2.581302552006052338e+02 1.524363481728070312e+14
2.345156915085551645e+02 1.911119469882938125e+14
2.343672414644820492e+02 2.378072760127766250e+14
2.455218850616809050e+02 1.500290383909552188e+14
2.321328660746759169e+02 8.929140836503314062e+13
2.166969637570259692e+02 2.051132336592611250e+14
1.791518695006626558e+02 8.843940051450957812e+13
1.253070279748422422e+02 9.217081400470595312e+13
1.803341533445698133e+02 7.193958933730075000e+13
2.444333736035900984e+02 1.465471021450053125e+14
1.605459583462085220e+02 1.686988793175106875e+14
2.419842801527635174e+02 2.366471132970581250e+14
2.325467817206639438e+02 1.930967341667128438e+14
2.409761114652091010e+02 1.373660643944829219e+14
2.599251077245858141e+02 1.818943241232844688e+14
2.093120533758437887e+02 6.420449155820013281e+13
2.139415960075415342e+02 1.878492582889529062e+14
2.599978885911041289e+02 1.808031119930647812e+14
2.413466736557247714e+02 2.558551016201538125e+14
2.492719640839168278e+02 1.391461665335162969e+14
2.492591290600445291e+02 1.846969874294237500e+14
2.287246211053435445e+02 1.807296658124044688e+14
2.419487789214531404e+02 6.941480575724144531e+13
2.494746383784519139e+02 1.520662535419557500e+14
2.569335328477810663e+02 1.608054412419033125e+14
1.885128679395261315e+02 9.256631500932606250e+13
1.020400639753497103e+02 5.734448163856501562e+13
1.667119946018041787e+02 1.042792165644095000e+14
2.592871790659385169e+02 1.523160593726938125e+14
2.599847715927969602e+02 1.640300215347441562e+14
2.531705756557179257e+02 1.999899004190978438e+14
2.367841262499882760e+02 9.465941941222200000e+13
2.317722627053957467e+02 3.312029037213985000e+14
1.834118275670192872e+02 1.613171119932980312e+14
2.299071449971836216e+02 7.040851371958485938e+13
2.399313424010427411e+02 3.223497309602487500e+14
2.564348344874399572e+02 8.619197121529431250e+13
1.465722048192247655e+02 1.316234925763055938e+14
1.234002842117104706e+02 2.147665514285137812e+14
2.592403814127560508e+02 8.826289190556140625e+13
1.585062692759562424e+02 8.530326927803945312e+13
2.144881123353088981e+02 2.441786317826746562e+14
1.318115798513977381e+02 5.541300487209352344e+13
2.400251657146563673e+02 1.834597809389343438e+14
1.682719900330885139e+02 1.088425500002654688e+14
2.021666492566616000e+02 7.861672879330003125e+13
1.015923495283308569e+02 1.041074839695187344e+14
1.679872300836527188e+02 4.542810443134025000e+14
2.384957585992525253e+02 6.848818185420750781e+13
2.580376996291965952e+02 8.745719602390523438e+13
9.730030810698968935e+01 8.043884426278101562e+13
1.380228624308424514e+02 1.320441033257169688e+14
2.508574467921901032e+02 8.007188802845914062e+13
2.479009133906874922e+02 2.007366682380831250e+14
2.006233963702995311e+02 1.039227316281475625e+14
2.596382641610920814e+02 7.683761098584470312e+13
2.599299157321073608e+02 8.296643164409473438e+13
1.379602780726180526e+02 6.113033183266134375e+13
1.531858044180002310e+02 5.994909491228321875e+13
1.100338806748873139e+02 7.254088701643548438e+13
2.174703260342548674e+02 8.062034912888290625e+13
1.653143043330971693e+02 7.927496660700693750e+13
1.581778689447884005e+02 6.679482243763847656e+13
