2.054304835145273955e+00 3.534290415910930469e+13
1.805008414859173627e+00 5.380080508947855469e+13
5.268788906898635105e+00 8.535545182757670312e+13
1.229609440520619046e+00 5.865523225444506250e+13
3.706748176348355628e-01 1.458616973091342188e+13
1.498938909239200257e-01 6.447300713343689453e+12
2.629150167520720061e+00 4.685269154542170312e+13
1.851777353007605598e+00 2.517301637319646094e+13
7.396013152629166143e-03 5.528221137229184723e+10
4.749114531944712780e+00 4.865497560379475781e+13
2.331802445072526098e-01 5.389289093561300781e+12
3.940624165948634072e-01 8.724283306890251953e+12
7.652449792218476432e-01 1.567175154148798633e+13
1.209947193749087546e+00 4.645160517561135938e+13
3.388885654483715371e-01 1.151497912787092773e+13
7.650948087064080028e-02 6.568948315686590576e+11
2.071752142991385881e+00 5.045119734393357812e+13
3.105287808425941876e+00 1.094356700957056406e+14
1.943507016719649982e+00 5.560258566859835938e+13
1.397140762034155159e+00 3.802908070674965332e+12
4.408633910088610719e-03 6.924949966913925171e+10
1.808407015156433317e+00 5.935807474285648438e+13
4.003528628402932554e-01 1.046646424994365625e+13
2.514016640954935156e+00 7.153523756827809375e+13
1.384983604418948744e+00 1.921929650843044922e+13
1.187940237968746260e+00 4.054817154601113281e+13
1.269493775419562098e+00 4.072407831975425000e+13
1.902968739869152159e+00 6.616124393455668750e+13
1.403850626187534090e+00 4.839569640500707812e+13
4.824876896984108043e+00 5.036190589725860938e+13
6.251393823199578037e-01 2.313407046862146875e+13
3.343166336687204421e+00 4.251401396478168750e+13
1.755265421233445977e+00 1.612915897353429688e+13
1.434344476300111637e+00 4.704125320264338281e+13
1.301470353526099188e+00 4.071208916342196094e+13
3.315400915819679994e+00 3.847488522758666406e+13
3.632948797509413907e+00 1.067173474838643438e+14
4.950353673987137881e-01 5.871513042393161133e+12
6.259125526875777723e+00 4.024920234265172656e+13
7.202205355990429325e+00 3.635541341741814062e+13
2.412916098846949353e+00 4.334613807100891406e+13
3.102548360371883973e-01 7.285489253136538086e+12
8.194518825004138307e+00 3.183976035460746875e+13
9.109919078811685722e-01 3.910690041161892969e+13
2.678369215351494859e-02 1.327261849146306305e+11
2.958764136033494196e+00 2.348483642702364844e+13
7.054541609237332978e+00 5.203525473114135938e+13
7.770712700267267792e+00 5.053164712582262500e+13
3.746841998034824428e+00 4.540962703540960156e+13
4.301852033725822366e+00 4.259808661706576562e+13
2.009373442046467062e+00 5.932993478905403906e+13
1.111490477442202973e-01 1.332501434166575195e+12
6.320208037905103993e-01 2.004651973972326953e+13
8.556498116466286774e-01 2.521071374218952344e+13
6.253034638261851796e-01 3.396040164857828516e+13
1.854256490960835890e+00 5.318543468027590625e+13
7.258098655028732082e+00 3.586465043536904688e+13
1.318863905203329523e+00 3.800305654831458594e+13
2.448455807418440600e+00 3.662330575839288281e+13
1.453290834228937456e-02 1.328290447153676758e+11
3.490614869445892055e+00 2.553924692121057422e+13
6.748031990840672734e-01 2.803434347249998047e+13
1.107934451800929310e-02 5.726973567737225342e+10
5.003205444165814697e-01 2.006574437740649219e+13
2.515997214061371778e-03 1.136610059273311768e+11
1.232840015202896211e-01 1.257157117169721191e+12
1.760242791141308771e-01 2.318364983162954102e+12
5.188739168771689947e-01 9.442281060272494141e+12
