2.204867437600446465e+02 8.503981222441490625e+13
2.088751281012298477e+02 1.219736530343885156e+14
2.586810542952938476e+02 1.867287398342216250e+14
2.238772822615291034e+02 2.199688835040488438e+14
9.739804308536668032e+01 8.797719425003484375e+13
9.232882667177494795e+01 6.636534855472267969e+13
2.203558252383933223e+02 9.846589966920084375e+13
2.475037253029806834e+02 2.193439744634067812e+14
1.889438535721646986e+02 9.796337086471734375e+13
2.264611168347279317e+02 1.229863245511729531e+14
1.970202895394473899e+02 1.108493779125650312e+14
2.547082335686345687e+02 2.090043258883952812e+14
2.224530120486481337e+02 8.577561742375078125e+13
1.116070822693898208e+02 1.136148015550027500e+14
2.581302552006052338e+02 1.723829044420895000e+14
2.345156915085551645e+02 1.225551709825542812e+14
2.343672414644820492e+02 1.030177029019487656e+14
2.321328660746759169e+02 1.543339503140635938e+14
2.166969637570259692e+02 5.316699757479822656e+13
1.791518695006626558e+02 6.919056559684842969e+13
1.253070279748422422e+02 5.382365764223712500e+13
1.803341533445698133e+02 8.932724612532057812e+13
9.307458829838395786e+01 3.394073572881425391e+13
2.444333736035900984e+02 1.895535332993506875e+14
1.605459583462085220e+02 9.935268496579075000e+13
2.419842801527635174e+02 1.296100489562894531e+14
2.325467817206639438e+02 1.081770556866365625e+14
2.409761114652091010e+02 2.325062883441799062e+14
2.599251077245858141e+02 2.136005519807582188e+14
2.093120533758437887e+02 1.741518053629374375e+14
2.139415960075415342e+02 6.077838517124764062e+13
2.599978885911041289e+02 1.983693458098257188e+14
2.413466736557247714e+02 1.104213119249575156e+14
2.492719640839168278e+02 1.297350822427785312e+14
2.492591290600445291e+02 1.140443338938763750e+14
2.287246211053435445e+02 5.939584565877851562e+13
2.419487789214531404e+02 9.120756365247478125e+13
2.494746383784519139e+02 2.285016984198501875e+14
2.569335328477810663e+02 2.191989966502739062e+14
1.020400639753497103e+02 9.693788229467873438e+13
1.667119946018041787e+02 8.986933532400217188e+13
2.592871790659385169e+02 1.869710872980101875e+14
2.599847715927969602e+02 1.927684348404987188e+14
2.367841262499882760e+02 1.515923674478797188e+14
2.317722627053957467e+02 9.536653109360185938e+13
1.834118275670192872e+02 2.840870848300788750e+14
2.299071449971836216e+02 3.855449347640693750e+13
2.466056343815549212e+02 7.333036254237684375e+13
2.399313424010427411e+02 6.124194123132667188e+13
2.564348344874399572e+02 1.462951092098738438e+14
2.557478870527948516e+02 1.994906373504085312e+14
1.465722048192247655e+02 1.650383824123053438e+14
1.234002842117104706e+02 3.614249788899660625e+14
1.928839126419157708e+02 1.229400376658644531e+14
2.592403814127560508e+02 1.953441266385970312e+14
1.585062692759562424e+02 1.155184756904689844e+14
2.144881123353088981e+02 7.922241070862156250e+13
2.574692759452727842e+02 1.537458213325592500e+14
2.548026855930343686e+02 1.496655775152814375e+14
2.484878522049399123e+02 2.231640766495561875e+14
2.312779029651985923e+02 2.067578728495510000e+14
1.654739677393583293e+02 2.620987082085634062e+14
2.400251657146563673e+02 1.963648486003377500e+14
1.682719900330885139e+02 6.355616066514382031e+13
2.021666492566616000e+02 4.871577362220402344e+13
1.015923495283308569e+02 8.047216482119510938e+13
1.489921567523552710e+02 1.959365109223881250e+14
1.679872300836527188e+02 2.366094027604983750e+14
2.384957585992525253e+02 1.332822295467046406e+14
2.580376996291965952e+02 2.143487770835745312e+14
1.566482930243815304e+02 1.120444820382189375e+14
1.380228624308424514e+02 1.391822212743921250e+14
2.508574467921901032e+02 9.150368043019134375e+13
2.479009133906874922e+02 1.705385893282605938e+14
2.006233963702995311e+02 8.578733215037689062e+13
2.596382641610920814e+02 2.098401711918598125e+14
2.389083513519788937e+02 1.278334564350208281e+14
2.599299157321073608e+02 2.074609992039966562e+14
1.531858044180002310e+02 1.339867806431935156e+14
1.100338806748873139e+02 4.780063812950380469e+13
2.174703260342548674e+02 1.236729298188132344e+14
2.164667120683225505e+02 1.035992109280674844e+14
1.653143043330971693e+02 5.267188457929335156e+13
1.581778689447884005e+02 5.584463191144053906e+13
