2.204867437600446465e+02 1.693379763936557812e+14
2.088751281012298477e+02 1.166859740457542656e+14
2.586810542952938476e+02 9.055181868685095312e+13
2.238772822615291034e+02 2.140085450655680938e+14
2.475037253029806834e+02 1.201870135550532344e+14
1.889438535721646986e+02 6.580437209330042969e+13
2.264611168347279317e+02 6.654961338612006250e+13
1.970202895394473899e+02 3.271421969916265234e+13
2.547082335686345687e+02 1.868606944768046562e+14
2.224530120486481337e+02 5.860522172403233594e+13
1.116070822693898208e+02 1.177491637237502656e+14
2.581302552006052338e+02 1.088700904304488750e+14
2.345156915085551645e+02 4.946181083336221094e+13
2.343672414644820492e+02 8.604533757064989062e+13
2.455218850616809050e+02 6.038081892503830469e+13
2.321328660746759169e+02 1.219193140995642500e+14
1.803341533445698133e+02 1.018634700665057969e+14
2.444333736035900984e+02 1.598826021498895625e+14
2.419842801527635174e+02 8.447460598513160938e+13
2.409761114652091010e+02 1.776624037297360625e+14
2.599251077245858141e+02 1.670301482441031250e+14
2.093120533758437887e+02 9.839578670709053125e+13
2.139415960075415342e+02 1.973301791772358438e+14
2.599978885911041289e+02 1.637006216479496875e+14
2.413466736557247714e+02 1.545514555632802188e+14
2.492719640839168278e+02 2.507156880734360000e+14
2.492591290600445291e+02 8.702169349829503125e+13
2.419487789214531404e+02 3.594625390115885156e+13
2.494746383784519139e+02 1.609516681739850625e+14
2.569335328477810663e+02 1.212467873246535469e+14
2.592871790659385169e+02 2.076455979352426562e+14
2.599847715927969602e+02 1.670684839651154688e+14
2.531705756557179257e+02 8.840692804239035938e+13
2.367841262499882760e+02 1.257351389776448281e+14
2.317722627053957467e+02 5.726960737134200000e+13
1.059232808828419365e+02 4.846826469129271094e+13
2.466056343815549212e+02 2.130670152335295938e+14
2.399313424010427411e+02 1.090312314831766875e+14
2.564348344874399572e+02 6.232392821139257031e+13
9.715856375829201852e+01 9.368705783391592188e+13
1.465722048192247655e+02 3.037501200817745312e+13
1.234002842117104706e+02 2.186995722970122266e+13
1.928839126419157708e+02 7.730666908668064062e+13
1.680886814341559159e+02 1.608840977591075312e+14
2.574692759452727842e+02 8.730924211092582812e+13
2.548026855930343686e+02 1.304070737373370781e+14
1.736006747925110005e+02 2.768711359963740625e+14
2.484878522049399123e+02 2.191340661544059062e+14
2.312779029651985923e+02 4.296667673112633750e+14
1.654739677393583293e+02 4.385580466611232812e+13
2.100047151968867070e+02 2.175760776337121875e+14
1.015923495283308569e+02 2.431585723681100000e+13
1.489921567523552710e+02 2.873600144560242500e+14
2.159226263754416379e+02 2.069049634865349062e+14
1.679872300836527188e+02 1.632891725857526875e+14
1.910507098319285433e+02 1.563485686306915000e+14
9.730030810698968935e+01 2.271407039149189688e+14
1.380228624308424514e+02 2.805941314577465234e+13
2.006233963702995311e+02 2.202542638821847500e+14
1.911738862466809508e+02 1.471226430546736562e+14
2.164667120683225505e+02 3.200037781382011875e+14
