3.598194995674930396e-02 2.255753715270281677e+11
1.881790496370001620e+00 5.506063702210365625e+13
1.805008414859173627e+00 4.622096291302071094e+13
5.864146338583623219e+00 1.046193444231151406e+14
1.479794342431659970e+00 2.571715405222758594e+13
6.536530413265495554e-01 1.681173878152428711e+12
5.281210691691740067e-03 2.959254541769129639e+11
1.165138828313274644e+00 5.070561430352690430e+12
1.026017279285724726e-01 7.896522814395050049e+11
3.940624165948634072e-01 4.113514190829130469e+13
7.652449792218476432e-01 3.360137753575033594e+13
1.209947193749087546e+00 2.954696021608202734e+13
5.380993839958136959e-02 9.458226347383144531e+12
3.388885654483715371e-01 3.150697757241171484e+13
2.071752142991385881e+00 6.250379178587717188e+13
3.105287808425941876e+00 9.933917990226650000e+13
1.943507016719649982e+00 4.489840892696739062e+13
1.102491751641366591e+00 1.428999554955244922e+13
1.931950410761373860e-02 9.862828384791003418e+10
1.808407015156433317e+00 5.185161253769707031e+13
2.343316961980121960e-01 6.131577270001164551e+11
4.003528628402932554e-01 1.343861557705048633e+13
2.514016640954935156e+00 6.032489728370724219e+13
1.187940237968746260e+00 3.522320899507741406e+13
1.269493775419562098e+00 3.765453499187356250e+13
1.902968739869152159e+00 1.551730362399690039e+13
1.403850626187534090e+00 3.005583626239683203e+13
1.957330077789265488e-02 1.425320088749567871e+11
1.541255414002762336e-02 2.573919568721441406e+12
7.271331235068601018e-02 9.854415766604583984e+12
3.343166336687204421e+00 8.186235823066681250e+13
1.755265421233445977e+00 4.127492811627917969e+13
3.202926005628228268e-01 1.221275012408286865e+12
1.301470353526099188e+00 2.504175285207389062e+13
1.725170907290589639e-01 2.095004872489370703e+13
1.043143430569671182e+00 1.841720793887558984e+13
3.315400915819679994e+00 1.400710794984492344e+14
3.632948797509413907e+00 1.491845478393645938e+14
1.551683435654410914e+00 4.289483598983500000e+13
5.099877089553501719e-01 2.559965222430288086e+12
1.057200268642191077e+00 1.185144608599579492e+13
2.755713901632361740e-02 1.046671973458339233e+11
4.899177226576114208e+00 2.735789903574040312e+14
6.259125526875777723e+00 2.455954243195695938e+14
1.604623031691971846e-01 2.077060425124008594e+13
1.599671848222783410e-01 6.383639460482460938e+11
8.774045609652603162e-01 3.785306569485973633e+12
1.887109146120906189e+00 6.694526813210111719e+13
1.390088897960595204e-02 4.006537589074234009e+10
7.202205355990429325e+00 3.988504501934766406e+13
2.412916098846949353e+00 7.043837766968060938e+13
2.050245852092643872e+00 4.299685594065005469e+13
8.194518825004138307e+00 5.274295000493839062e+13
3.727164721103235934e+00 6.978070682609133594e+13
7.866856843869413751e+00 3.114311068528671875e+14
9.109919078811685722e-01 2.709883468337749609e+13
3.635205610059870196e+00 9.325387253721020312e+13
1.222029121759817372e+00 1.444195118028960000e+14
2.958764136033494196e+00 3.900582532091959375e+13
7.054541609237332978e+00 3.496506268835611875e+14
7.770712700267267792e+00 2.603431129132801875e+14
4.301852033725822366e+00 5.323619567078450000e+13
2.126959569773134717e-02 2.097055988008022766e+11
3.432130186206450162e-01 3.992597582717669531e+13
1.111490477442202973e-01 1.071643723155505078e+13
2.099666212353156425e+00 5.263824377547763281e+13
6.253034638261851796e-01 1.293295665554285938e+13
5.585445340946080250e-01 3.524255775477329590e+12
1.854256490960835890e+00 3.117106151355037500e+13
5.803428615238885868e-01 3.641125047240290039e+12
7.258098655028732082e+00 1.181232377519570625e+14
1.318863905203329523e+00 2.658197087011669531e+13
2.448455807418440600e+00 5.479303450568618750e+13
1.564340050731516385e+00 3.376134324410166406e+13
3.490614869445892055e+00 3.403008741114320000e+14
1.973506307546017524e+00 1.676933231234458008e+13
8.472399045615475188e-03 6.238605097058292389e+10
2.541809297113559296e+00 1.567077001590829062e+14
2.242221088619714919e+00 5.156902636918738281e+13
1.323640775244598444e+00 1.797433785260937500e+13
