2.204867437600446465e+02 2.032189389028242188e+14
1.913722353350678418e+02 1.691486806224121875e+14
2.238772822615291034e+02 2.669952789028542188e+14
2.203558252383933223e+02 2.779238845589279062e+14
2.264611168347279317e+02 1.008435811252893125e+14
1.970202895394473899e+02 9.099781319906846875e+13
2.224530120486481337e+02 1.243155938508465781e+14
2.343672414644820492e+02 1.665355465788972188e+14
1.253070279748422422e+02 1.245585005870969062e+14
9.307458829838395786e+01 1.937958561792264062e+13
2.093120533758437887e+02 1.072776189981844688e+14
2.139415960075415342e+02 2.113729469188237188e+14
2.492719640839168278e+02 9.900052179074929688e+13
2.419487789214531404e+02 2.883100254202888750e+14
2.494746383784519139e+02 8.249605627232706250e+13
1.885128679395261315e+02 1.515720347809963750e+14
1.834118275670192872e+02 2.998489823942426875e+14
2.299071449971836216e+02 1.852772389013635625e+14
2.466056343815549212e+02 2.313271474974676875e+14
2.399313424010427411e+02 2.671272392277643125e+14
2.564348344874399572e+02 2.111576942254394688e+14
2.557478870527948516e+02 2.505159584041818438e+14
1.465722048192247655e+02 1.656696668171164375e+14
1.234002842117104706e+02 9.375685648802010938e+13
1.928839126419157708e+02 2.837325489730035625e+14
2.592403814127560508e+02 1.525494680014064062e+14
1.680886814341559159e+02 2.284786677917793125e+14
2.144881123353088981e+02 2.460145463397580000e+14
2.574692759452727842e+02 1.720020360596302812e+14
2.548026855930343686e+02 1.535788804074244688e+14
1.736006747925110005e+02 2.167550663230088125e+14
2.484878522049399123e+02 1.477646954478585000e+14
2.312779029651985923e+02 3.949895650476414375e+14
1.654739677393583293e+02 1.882521241105808438e+14
2.100047151968867070e+02 4.556467860698489375e+14
1.015923495283308569e+02 7.262383429927642188e+13
1.489921567523552710e+02 4.011064486393300000e+14
2.159226263754416379e+02 4.113549518173758125e+14
1.679872300836527188e+02 2.586720365069016562e+14
2.384957585992525253e+02 2.799691022740597188e+14
2.580376996291965952e+02 2.964824433170755625e+14
1.566482930243815304e+02 4.312453873928385000e+14
1.910507098319285433e+02 2.497915653039507812e+14
9.730030810698968935e+01 2.018681059279407188e+14
1.380228624308424514e+02 1.393641990623851875e+14
2.508574467921901032e+02 1.887636465731530312e+14
2.479009133906874922e+02 1.011381582977575000e+14
2.006233963702995311e+02 2.932500287621040625e+14
1.911738862466809508e+02 3.013903440259265000e+14
2.596382641610920814e+02 2.443053762008167188e+14
2.389083513519788937e+02 2.104068389000474375e+14
2.599299157321073608e+02 1.740193186583309062e+14
2.063234237313706103e+02 3.415870723724341250e+14
2.174703260342548674e+02 2.986716478846386875e+14
2.164667120683225505e+02 3.061556098169580000e+14
