2.526447430886541952e+02 8.825353022227257812e+13 -1.831811873849532901e+01
2.599954158512880440e+02 1.739437589972314688e+14 -5.432130316755884536e+01
1.666769016898450673e+02 4.353282206827528125e+13 9.507294694796358669e+01
2.591384465731227920e+02 2.075313886312062188e+14 -6.404880096901675302e+01
2.014762609788679129e+02 4.670369198377303906e+13 9.116995132967274174e+01
1.921774030524244381e+02 9.539535750302982812e+13 1.442287883313396257e+01
2.106058180621832321e+02 1.828899316104414453e+13 8.142902847906584896e+01
2.351884221972811702e+02 1.523410370782616250e+14 -5.654967870698134647e+01
2.349055800418664148e+02 2.867707350372925391e+13 1.985649435354734393e+01
2.504343645910516898e+02 7.261510816427240625e+13 9.015019463499237418e+01
1.276101643332738149e+02 9.309360550925664062e+13 7.785080421593771405e+01
1.041565753261762666e+02 4.640209104081877344e+13 -7.995564195094887339e+01
2.360115887433130410e+02 1.524660447148173125e+14 -5.654732104249215041e+01
2.534059718505952787e+02 2.562510646241909375e+14 -1.185509753464698335e+01
2.544509514172473246e+02 1.858018788615609688e+14 -6.488387640974197268e+01
2.553896186852671235e+02 1.205128541430754062e+14 -7.141733712005085977e+01
2.461138659781199749e+02 1.195043937995080312e+14 -6.324179488662276327e+01
2.508601560429658548e+02 7.273953678877154688e+13 9.015081871158544402e+01
2.364791531391506396e+02 1.545007005136977812e+14 5.179766352078591041e+00
1.217593715082605286e+02 5.377454629563535938e+13 -7.899742336002299226e+01
2.599015798662569523e+02 1.939446116305102500e+14 -5.638959801843748210e+01
2.078893440028689383e+02 1.437557490243954062e+14 1.379160350050231365e+01
2.587835169465226954e+02 1.890191824702630625e+14 -5.641615167312443901e+01
2.285360269273419362e+02 5.532000608229248438e+13 -3.466110670775142211e+01
2.554841538173155868e+02 1.882542422303890625e+14 -5.902510601953242286e+01
1.508845228709101320e+02 5.132531952929863281e+13 5.795044690389269704e+01
2.482112276446490569e+02 9.642012504002773438e+13 1.607472580643835158e+01
1.992864359786158275e+02 3.892762331686418750e+13 6.101203521828028187e+01
2.501099172293655784e+02 8.298921276113459375e+13 -9.478849146780568447e+01
2.599190054692288641e+02 1.636509248374753125e+14 -5.667038876580762974e+01
2.586513488113189396e+02 1.662453848915011562e+14 -4.997026954958072764e+01
2.323632589055508788e+02 5.963241413893445312e+13 9.221696100654354211e+01
2.211404893272467689e+02 5.948874827705774219e+13 6.952106326003482195e+01
2.204307756364609077e+02 5.657174723460081250e+13 9.221691855884095901e+01
2.540361323162288727e+02 1.871849808489832500e+14 -5.902527478840158182e+01
1.640786961424355468e+02 2.453527582191232812e+13 -7.947355737046008528e+01
2.559363650313724747e+02 1.080948467202419688e+14 -9.556792564099798426e+01
2.574819065565257006e+02 7.844576606952031250e+13 -4.521824511233651833e+01
2.019692092721824110e+02 1.324273827451227031e+14 1.513733165077097098e+01
8.956146053715133348e+01 1.747415127080885625e+14 5.577544795244339326e+00
2.212161477362325286e+02 5.677331220160489844e+13 9.221693468957420237e+01
2.029155748534191730e+02 3.913925919309607812e+13 6.456180867594738970e+01
2.121890754173880396e+02 1.798459291204181250e+13 -8.344707447790212029e+01
2.338702097737293570e+02 6.246619470152921875e+13 9.086510273434626583e+01
1.942360359409714192e+02 1.038344133653258281e+14 1.659940224183969093e+01
2.593780895686697932e+02 1.894405784865838438e+14 -5.641700070837151060e+01
2.506331645519735503e+02 9.135321592197287500e+13 1.293582567515585779e+01
1.864663280936451883e+02 2.230710098178387109e+13 7.801656582453009037e+01
2.570731266771664423e+02 1.893390948423971875e+14 -5.988748754954292508e+01
1.087372866426358655e+02 7.035499011786683594e+13 8.168118886328586825e+01
2.534754378976024327e+02 7.133683888981639062e+13 2.428550166722977011e+01
1.446244871133011998e+02 2.474921736287639453e+13 9.379853623833432152e+01
2.407446595920800974e+02 1.532532146164405625e+14 4.773333676916501389e+01
2.550824420885294330e+02 1.075943470891968125e+14 -9.552941641780597593e+01
2.595736716390413221e+02 1.899296411603602500e+14 -7.226332882897013121e+01
2.437800012826423881e+02 8.510128140270065625e+13 -1.831161590348660795e+01
2.578654608057407813e+02 1.891188966261170312e+14 -7.219632745761087733e+01
2.408518047275055096e+02 4.464909508078892188e+13 -8.238991615302137461e+01
2.465549959949486265e+02 6.064194236788825781e+13 8.809459958982044725e+01
2.599977749730076084e+02 1.740548559785592188e+14 -5.430638306498982359e+01
2.484615675455768269e+02 6.771392300795371094e+13 -9.546521721711722819e+01
2.591707293750525878e+02 1.933199186246341875e+14 -5.639601732036575754e+01
2.084750089781664428e+02 1.100357954615271406e+14 -3.395478125115540990e+01
2.010603864057815144e+02 1.744425857995691992e+13 8.135770223743087115e+01
2.581200968940258917e+02 1.659037617849579062e+14 -4.996326543296757450e+01
1.216025149907271725e+02 3.947789132341271094e+13 -1.508542263258584093e+01
2.589170119853490633e+02 1.860006023918715312e+14 -7.360538917715773266e+01
2.426291421803608728e+02 6.800037033182406250e+13 8.773265033395037449e+01
2.124201492781522802e+02 8.214718604399342188e+13 2.065010670872381482e+01
1.552590416105249460e+02 1.157565614520970156e+14 7.676733722713342445e+01
9.562365723478194468e+01 1.972233663445797500e+14 -3.666004665498404869e+00
2.581032344122834274e+02 2.068534960021656562e+14 -6.407795516345177589e+01
1.746756969137958890e+02 3.875683525212455469e+13 8.827629301217250202e+01
1.404487436465013843e+02 7.166583060638071875e+13 -1.638977808350198728e+01
2.282552923517987438e+02 3.473402372908753516e+13 -6.047994743267889817e+01
1.990498869435643883e+02 2.139083378634394688e+14 1.387316570499076107e+01
2.587146775569585770e+02 9.056358293017778125e+13 -6.955636123493459877e+01
2.297810029417303213e+02 1.002446929728959219e+14 5.903932295108958783e+00
9.837420482339325645e+01 6.562766469627125781e+13 6.978112014351627579e+01
2.418894224050125104e+02 5.643679187223817188e+13 8.862656621144849112e+01
2.401621332024512867e+02 1.549849874786838438e+14 -5.660445609684833101e+01
2.598725557263637711e+02 1.669965367224761562e+14 -4.996011777162219403e+01
2.226762937265269784e+02 4.888656509864308594e+13 1.432967377739641890e+00
2.214655881092710388e+02 2.219732723557251875e+14 1.186206565105384669e+01
2.592382669043329315e+02 2.076047336497307812e+14 -6.405013787832825756e+01
2.381042762302049596e+02 8.354052365713796875e+13 -1.802754059484185234e+01
1.166997444150863998e+02 5.687497235184760156e+13 3.714052754631118347e+01
2.583561935543295931e+02 1.089611960431740469e+14 -9.553043888315579579e+01
1.719541977093747391e+02 3.635716851151489062e+13 9.181554739571066648e+01
2.566497064455861050e+02 6.124822819002321875e+13 6.559015909758548446e+01
2.107864239730440374e+02 4.408051043871623750e+14 6.437521756598397360e+01
1.164644079409974893e+02 1.236324857038863281e+13 -5.115496442238470820e+01
2.372190666638954326e+02 3.405147112866095000e+14 9.069934732523707055e+01
1.528579950063722492e+02 1.532187309525607188e+14 -8.139507148458376307e+00
1.677104115581650774e+02 4.709570952051367969e+13 5.478603666577700437e+01
2.397029957694247457e+02 2.695264009486720938e+14 2.007357832222091076e+01
2.477906677392380175e+02 2.550762937919621250e+14 1.047202747098530651e+01
2.049942133333505296e+02 1.470682766969261875e+14 -1.318589350273686289e+00
1.765803267865929058e+02 1.492523256616542188e+14 5.863057964931344657e+01
2.492102441692860566e+02 2.863738647856591875e+14 7.885404556293251233e+01
9.512419150258040190e+01 1.937353233933318359e+13 1.261009794452888144e+01
2.091267139437653668e+02 2.688460854212515000e+14 3.735777543916918120e+01
1.098691156485419924e+02 9.452138670141476562e+13 -1.234589294070210919e+01
2.547555763838665541e+02 1.229703135897079531e+14 3.625998187121822269e+01
2.576317576329572603e+02 8.567092030899759375e+13 9.799179613275644840e+01
2.472618505961829101e+02 3.146658175930096875e+14 7.548586882429698619e+01
1.897324793269614531e+02 1.802331022418868438e+14 -2.703834575739979762e+00
1.211132137114813645e+02 2.479519392880618359e+13 8.610501375409320701e+01
1.013934862829227086e+02 1.636356123943847461e+13 -8.387570950979265660e+01
1.261055324114336145e+02 7.299619649955067188e+13 -6.680193903935844446e+01
2.421758668351113784e+02 2.504520741959194062e+14 3.857227778394054951e+01
1.571235055836017978e+02 2.507530887928961328e+13 3.401794385218094874e+01
1.500352328218520768e+02 7.693917189846846875e+13 4.637008504628264660e+01
1.985855332518446801e+02 2.393825696883899062e+14 4.173617844185626069e+01
1.957894011060814137e+02 7.978010274870254688e+13 9.281165387822953505e+01
9.684315153533469811e+01 1.427138841840877188e+14 1.976355404149110262e+00
1.984665172029082214e+02 1.540307193561962500e+14 1.873683528572307466e+01
2.320151574646731376e+02 2.276816186087610625e+14 4.951876858494460265e+01
1.830129695183678677e+02 2.094267744681355000e+14 -1.576741119816470871e+01
2.288367689453393439e+02 1.893482517021626875e+14 -2.375244989803787732e+01
2.521439240784749529e+02 1.234177120885958906e+14 7.673256127558819628e+01
1.639011972608018937e+02 1.141983295122627656e+14 8.408995325697132728e+01
1.519876906705477211e+02 6.607101886008942969e+13 -7.140610942612295275e+01
1.249825725260655531e+02 2.427785075940085156e+13 9.184584597485792301e+01
2.363774974753871163e+02 8.891529680857625000e+13 9.879613018100526745e+01
2.408495526451364128e+02 1.358399710397120000e+14 4.794630979075262900e+01
1.112400139927970599e+02 6.779501539884759375e+13 -9.537683351718585811e+01
1.364286433405852392e+02 9.483148524216212500e+13 -4.451482211242093001e+01
1.114596796304726354e+02 1.195716303690129062e+14 -6.311123870855140439e+01
1.072428168747624397e+02 5.257496762092107812e+13 -6.961621250905675140e+01
2.031560964358660328e+02 8.359126229583604688e+13 1.885238125117527375e+01
1.683915691677769644e+02 4.870596090706878906e+13 4.222644645173964761e+01
2.023218720339043273e+02 1.044829153289535469e+14 1.870529722284829077e+01
1.440982406899100852e+02 1.049842861750890938e+14 3.443331465771987610e+01
1.316006824037552292e+02 2.118743955768606641e+13 3.859785640627178793e+01
