3.068137782037501538e+01 1.333372984791303040e+01 1.596710631028841192e+02 5.165047073645492759e+01 2.291799817372814800e+02 5.079675537901961491e+01 2.600000000000000000e+02
2.498173724998063605e+01 1.380863220321854890e+01 -1.049167867671775412e+02 6.187184503692439108e+01 7.778639819790245724e+01 4.765853638131407166e+01 2.600000000000000000e+02
4.341191889685663341e+01 1.400009134421081214e+01 3.161886092429225528e+02 1.137485314811248287e+02 3.062349281313281608e+02 2.174929129323999177e+01 2.600000000000000000e+02
2.556388799844017612e+01 1.368905722914529655e+01 2.632275735934446743e+02 5.168606536084990921e+01 3.062349281313281608e+02 2.174929129323999177e+01 2.600000000000000000e+02
2.977191444605566062e+01 1.332748245859610492e+01 1.593171875052821918e+02 5.165047073645492759e+01 2.075288063619342722e+02 4.409845768653480746e+01 2.600000000000000000e+02
2.411003892219362754e+01 1.388976766128687501e+01 -1.022200112789836481e+02 5.156164487565457932e+01 6.901881394706282435e+01 6.544119904154251799e+01 2.600000000000000000e+02
2.988564539246279494e+01 1.392984460721739026e+01 3.385058191153131588e+02 8.274045772799097165e+01 2.631720862916770329e+02 4.944109659586934669e+01 2.600000000000000000e+02
2.178612151464557556e+01 1.383466110849952280e+01 1.959736221275543357e+02 5.166470417257163916e+01 2.631720862916770329e+02 4.944109659586934669e+01 2.600000000000000000e+02
2.368389519765290174e+01 1.364733570169331855e+01 -1.036810747474386574e+02 5.156164487565457932e+01 8.271059937669427597e+01 5.308947974644292600e+01 2.600000000000000000e+02
2.769669873576500052e+01 1.410107035372293538e+01 2.092619971683977838e+02 7.233556934621707057e+01 2.339720849028287546e+02 3.424951980412480879e+01 2.600000000000000000e+02
2.132906528099785959e+01 1.399008585636172874e+01 2.269956525232649653e+02 5.167538311109944971e+01 2.460231615905534852e+02 4.015713733883622893e+01 2.600000000000000000e+02
2.232138599358595954e+01 1.406235550560358405e+01 1.963896595982718338e+02 5.166470417257163916e+01 2.460231615905534852e+02 4.015713733883622893e+01 2.600000000000000000e+02
2.523672149417929944e+01 1.354549943119471145e+01 3.359149864310215321e+02 5.171100349540915175e+01 1.953876528818811664e+02 2.241660837816489504e+01 2.600000000000000000e+02
4.801114645565552053e+01 1.365039084322495633e+01 1.927930756473261624e+02 1.033258516410732852e+02 1.953876528818811664e+02 2.241660837816489504e+01 2.600000000000000000e+02
2.195175708028291695e+01 1.404752610077196628e+01 1.959171646029112424e+02 5.166470417257163916e+01 2.465037174178500265e+02 4.625710924763493637e+01 2.600000000000000000e+02
2.483880138802954463e+01 1.406390578466008101e+01 2.042588113777399315e+02 6.199978072123393247e+01 2.521029440412445979e+02 2.426980421829038903e+01 2.600000000000000000e+02
2.389805571297047138e+01 1.377798215556203232e+01 1.350204442936816065e+02 5.164335622401637949e+01 2.521029440412445979e+02 2.426980421829038903e+01 2.600000000000000000e+02
2.655211798717101956e+01 1.371293940915901111e+01 3.329134267248155652e+02 5.171100349540915175e+01 1.850189833044807131e+02 2.628422897797064195e+01 2.600000000000000000e+02
2.712625504492476480e+01 1.361952584326047955e+01 2.822400602265338421e+02 5.169318870098445728e+01 1.850189833044807131e+02 2.628422897797064195e+01 2.600000000000000000e+02
2.654812596901911803e+01 1.375553673578189517e+01 -1.312307250074614160e+02 5.155100117261111592e+01 2.702089566521682684e+01 3.446016543738469551e+01 2.600000000000000000e+02
2.547328193367452087e+01 1.346306205317403482e+01 -1.499362560023621143e+02 5.154390720146646743e+01 3.532694338048387976e+02 3.912925033121849339e+01 2.600000000000000000e+02
2.200182155055879463e+01 1.398723865652991805e+01 -1.437495752145337633e+02 5.154745400405537481e+01 1.004057040688347335e+01 4.347929934834945698e+01 2.600000000000000000e+02
4.690199875951902442e+01 1.337853850215721785e+01 2.130039712128777865e+02 6.200405207589358270e+01 3.504726457718390265e+01 2.014927238410393784e+01 2.600000000000000000e+02
2.379026973854951166e+01 1.389328136994195972e+01 1.282679543587151727e+02 5.163979951910976496e+01 3.504726457718390265e+01 2.014927238410393784e+01 2.600000000000000000e+02
2.211556558527459160e+01 1.401995767573019869e+01 -1.525825321842808364e+02 5.154390720146646743e+01 3.504726457718390265e+01 2.014927238410393784e+01 2.600000000000000000e+02
2.487935351788210525e+01 1.388342290563030978e+01 -1.060552102266887715e+02 6.187184503692439108e+01 7.903427875520262091e+01 4.833648829123808355e+01 2.600000000000000000e+02
2.531255466885115268e+01 1.356452925898735806e+01 1.489821609008375560e+02 5.164691329646473861e+01 1.204925109895609836e+02 2.472228057626281839e+01 2.600000000000000000e+02
5.726467471051372371e+01 1.369269896688591537e+01 2.040574956085810356e+02 1.239995654146062378e+02 3.087516895498930936e+01 2.733684987815753686e+01 2.600000000000000000e+02
5.281493833428820750e+01 1.411115830815812444e+01 1.169265269159235459e+02 1.445864669814128831e+02 3.087516895498930936e+01 2.733684987815753686e+01 2.600000000000000000e+02
2.258640750073904968e+01 1.383630512224118547e+01 -1.158468593482251521e+02 5.155809660845994813e+01 3.087516895498930936e+01 2.733684987815753686e+01 2.600000000000000000e+02
2.546915505775256960e+01 1.348971609510455139e+01 -1.499840309155668479e+02 5.154390720146646743e+01 3.493257462258204669e+02 4.082858973121283697e+01 2.600000000000000000e+02
2.389414527642646036e+01 1.417329172644995161e+01 -1.416180141261918948e+02 7.216643611815906922e+01 1.110843640843274116e+01 3.399419442634307842e+01 2.600000000000000000e+02
3.802616082427635291e+01 1.475048202882228843e+01 -1.080205034490703042e+02 1.340510568954495341e+02 6.396684375592531779e-01 2.552882875510998417e+01 2.600000000000000000e+02
2.690499178428036942e+01 1.435268558793415394e+01 2.035120138668678749e+02 8.266637498148637064e+01 2.399597983634339471e+02 3.206058408158941830e+01 2.600000000000000000e+02
5.416207692386847583e+01 1.376257255039627658e+01 1.672548888531449336e+02 1.136388660318573187e+02 3.140290363622037617e+01 2.889757937077298777e+01 2.600000000000000000e+02
2.324812838334380061e+01 1.375396572140951967e+01 -1.176192388662260981e+02 5.155454870742904205e+01 3.140290363622037617e+01 2.889757937077298777e+01 2.600000000000000000e+02
2.912434708171628372e+01 1.363414210149191419e+01 3.292417010080919226e+02 6.205106612452223658e+01 2.933072076062530869e+02 5.478565711920106196e+01 2.600000000000000000e+02
2.829742571449424204e+01 1.389311575207593741e+01 1.377349632133538648e+02 7.230069922812232619e+01 2.948828320569391082e+01 2.157897227183943301e+01 2.600000000000000000e+02
3.295877219083892840e+01 1.367488617382645799e+01 -1.118849421030178917e+02 7.218133576450269118e+01 2.948828320569391082e+01 2.157897227183943301e+01 2.600000000000000000e+02
2.351382238789987866e+01 1.377755037720980624e+01 3.835889128755476918e+02 5.172882750032849941e+01 9.772200090828471275e+01 3.269640203121832656e+01 2.600000000000000000e+02
3.472962614354695177e+01 1.355931401649426782e+01 2.062165363222335372e+02 7.233556934621707057e+01 1.556286279806296307e+02 2.223227820969349011e+01 2.600000000000000000e+02
2.117586120834138441e+01 1.403554739737969470e+01 2.022608024325312783e+02 5.166470417257163916e+01 2.326826228194544228e+02 4.193505342949016068e+01 2.600000000000000000e+02
2.313526861639951804e+01 1.355045385843374639e+01 2.589190033420605346e+02 5.168606536084990921e+01 2.399295265132518296e+02 2.466910014303876153e+01 2.600000000000000000e+02
2.606533725367315313e+01 1.395638880837458906e+01 2.056955723977524713e+02 6.199978072123393247e+01 2.399295265132518296e+02 2.466910014303876153e+01 2.600000000000000000e+02
2.304360717387492841e+01 1.366315017066771809e+01 -1.099745620918535849e+02 5.155809660845994813e+01 3.807314058541861357e+01 5.891999411630612116e+01 2.600000000000000000e+02
3.430071987239201547e+01 1.372810990139737086e+01 2.481002049671769498e+02 8.268915907198659454e+01 1.403415559988735311e+02 2.666961542071764057e+01 2.600000000000000000e+02
2.971972256644259858e+01 1.332098572514969703e+01 1.595795557061050260e+02 5.165047073645492759e+01 2.206196605682456209e+02 4.140385238375693433e+01 2.600000000000000000e+02
2.671426236524164111e+01 1.356208638103618291e+01 2.750153494762898845e+02 5.168962684685099873e+01 2.972027912590738765e+02 -7.825619611852465596e+01 2.600000000000000000e+02
4.807636317565646777e+01 1.385220420038707623e+01 1.789702386199566604e+02 1.136466940176986782e+02 2.972027912590738765e+02 -7.825619611852465596e+01 2.600000000000000000e+02
5.685469564874944126e+01 1.361119414178165243e+01 1.276211977887962945e+02 1.032831579476878261e+02 1.192054585977553671e+02 -8.079211591577067963e+01 2.600000000000000000e+02
2.886826974507143717e+01 1.367786975683989681e+01 2.036962766924956156e+02 6.199978072123393247e+01 2.074943700530670867e+02 -5.947825800166017274e+01 2.600000000000000000e+02
2.588923009679432852e+01 1.352851275669437570e+01 1.144872798113120496e+02 5.163624318140043101e+01 2.074943700530670867e+02 -5.947825800166017274e+01 2.600000000000000000e+02
2.128469930538799915e+01 1.369017249175662343e+01 2.609621590097713124e+02 5.168606536084990921e+01 2.910207825741982788e+02 -2.069692598697440644e+01 2.600000000000000000e+02
4.952914977385140105e+01 1.416854660178276148e+01 1.830998994756885736e+02 1.446462319804823835e+02 2.910207825741982788e+02 -2.069692598697440644e+01 2.600000000000000000e+02
3.042259241515222357e+01 1.345248909215351318e+01 2.165485811482656686e+02 5.167182309708643828e+01 2.072590334771020935e+02 -8.799326718165087868e+01 2.600000000000000000e+02
2.551427915890187847e+01 1.425210992964851187e+01 1.355506953169496285e+02 7.230069922812232619e+01 2.398275413311611004e+01 -5.416604501409469918e+01 2.600000000000000000e+02
2.623714414162612130e+01 1.337973918256604833e+01 2.590443689265989633e+02 5.168606536084990921e+01 1.987217975639594556e+02 -6.156531116526667802e+01 2.600000000000000000e+02
2.922466696252005747e+01 1.351638155025158738e+01 1.978174354767446346e+02 5.166470417257163916e+01 1.987217975639594556e+02 -6.156531116526667802e+01 2.600000000000000000e+02
2.473438636440487315e+01 1.348879149634598384e+01 1.163886727253214701e+02 5.163624318140043101e+01 1.987217975639594556e+02 -6.156531116526667802e+01 2.600000000000000000e+02
2.356329637555142753e+01 1.397469397720403173e+01 1.699860626149933296e+02 6.198696930495346180e+01 3.457050496486026532e+02 -7.420165945252729500e+01 2.600000000000000000e+02
2.257437476298390067e+01 1.396120536935372769e+01 1.240569401438250026e+02 5.163979951910976496e+01 3.457050496486026532e+02 -7.420165945252729500e+01 2.600000000000000000e+02
2.848333319577806222e+01 1.367781743503293335e+01 2.644067480394789982e+02 6.202541547183412973e+01 2.951017803213141519e+02 -8.231312685643069926e+01 2.600000000000000000e+02
2.254481418005132198e+01 1.349246749374147569e+01 1.880449379461088313e+02 5.166114526202058244e+01 2.951017803213141519e+02 -8.231312685643069926e+01 2.600000000000000000e+02
2.428262743077337049e+01 1.359421293632813565e+01 1.226593199443152002e+02 5.163979951910976496e+01 3.464154907492096527e+02 -2.965041592960239569e+01 2.600000000000000000e+02
2.591695358870036614e+01 1.393718619465363950e+01 2.662072331940430558e+02 6.202541547183412973e+01 2.948766244992889938e+02 -4.633371547219494602e+01 2.600000000000000000e+02
2.832176731993534702e+01 1.397300964000393897e+01 2.185679611125714246e+02 7.234055285087320897e+01 2.948766244992889938e+02 -4.633371547219494602e+01 2.600000000000000000e+02
3.186272487207741122e+01 1.367989057842458855e+01 2.602816830019687018e+02 7.236049202049642304e+01 2.900491980813065425e+02 -8.223736632184655093e+01 2.600000000000000000e+02
3.877671519293022584e+01 1.368198652027407647e+01 2.055676409134621565e+02 8.266637498148637064e+01 1.961062551349189107e+02 -6.219644439352955345e+01 2.600000000000000000e+02
3.190510984301814901e+01 1.433267889778567294e+01 1.506293624333941921e+02 1.032973862382195733e+02 6.697734007283422386e+00 -6.583649371048240084e+01 2.600000000000000000e+02
3.623290441785616878e+01 1.364657869080780728e+01 2.057887940035509757e+02 8.266637498148637064e+01 2.021337260428485934e+02 -6.016881008168674327e+01 2.600000000000000000e+02
2.433734013805969099e+01 1.348217620853162835e+01 1.162090449722889218e+02 5.163624318140043101e+01 2.021337260428485934e+02 -6.016881008168674327e+01 2.600000000000000000e+02
2.702822890528339173e+01 1.372898324287231198e+01 2.337408016723330206e+02 6.201259610965278313e+01 3.042523232227895846e+02 -2.087904758725333920e+01 2.600000000000000000e+02
3.521556150433499255e+01 1.426043190174658015e+01 1.785319656918556745e+02 1.136466940176986782e+02 3.042523232227895846e+02 -2.087904758725333920e+01 2.600000000000000000e+02
3.031950181216416240e+01 1.342253678246063231e+01 3.233759536505518213e+02 5.170743979982644589e+01 5.915933966863848781e+01 -7.237166731653189800e+01 2.600000000000000000e+02
3.077444045359435165e+01 1.345736157938524613e+01 1.910297122979642097e+02 6.199550980784093923e+01 5.915933966863848781e+01 -7.237166731653189800e+01 2.600000000000000000e+02
3.998041098051727005e+01 1.389572180367431464e+01 2.296902044124394422e+02 9.301569114518012782e+01 3.418232761093902354e+02 -8.032459060281617269e+01 2.600000000000000000e+02
2.460285246515332247e+01 1.374160116953691713e+01 1.750160653017068171e+02 5.165758671910980837e+01 3.418232761093902354e+02 -8.032459060281617269e+01 2.600000000000000000e+02
2.623580330334570121e+01 1.346521860742951837e+01 2.739853806515679935e+02 5.168962684685099873e+01 3.681930526585131958e+01 -7.343580917925791596e+01 2.600000000000000000e+02
3.306085349588901323e+01 1.370829777576188135e+01 1.712394133856008693e+02 7.231564047622869396e+01 3.681930526585131958e+01 -7.343580917925791596e+01 2.600000000000000000e+02
5.201318175071714478e+01 1.367394212262722419e+01 3.899127529940772092e+02 1.034612231199307786e+02 2.831932889389913726e+02 -3.906185577126900910e+01 2.600000000000000000e+02
2.506288398601472878e+01 1.413601773288826280e+01 3.280289032358811028e+02 6.205106612452223658e+01 2.831932889389913726e+02 -3.906185577126900910e+01 2.600000000000000000e+02
3.100846534750561645e+01 1.353467496535868619e+01 1.126154313028761038e+02 6.196135838250812355e+01 2.831932889389913726e+02 -3.906185577126900910e+01 2.600000000000000000e+02
3.244816729370696606e+01 1.375663182219899383e+01 1.359841442936185558e+02 7.230069922812232619e+01 6.337628969789211908e+01 -5.354593822133579550e+01 2.600000000000000000e+02
3.441579335959844599e+01 1.326716747075828451e+01 2.058270233958378697e+02 5.166826345091045170e+01 1.591155165242213343e+02 -8.774035718718923249e+01 2.600000000000000000e+02
7.639157234939924024e+01 1.411964253533278857e+01 2.030899752658842488e+02 2.066659580503034590e+02 3.040892932930564143e+02 -7.883036319128460434e+01 2.600000000000000000e+02
2.880223853248216059e+01 1.349775169209201309e+01 2.974538438733066528e+02 6.203823880959897963e+01 3.827656814042241962e+01 -8.255455591041454966e+01 2.600000000000000000e+02
4.972590808123664630e+01 1.344281143200101170e+01 2.206528914152307550e+02 7.234055285087320897e+01 3.827656814042241962e+01 -8.255455591041454966e+01 2.600000000000000000e+02
4.071330122961256848e+01 1.393991559119099044e+01 1.720541874442873791e+02 1.033116174690363778e+02 2.411992425734483447e+01 -7.199084310424285604e+01 2.600000000000000000e+02
5.668213337401180496e+01 1.350262323368293416e+01 3.337520853710992128e+02 9.307980783897518506e+01 3.350551092624431249e+02 -4.239597273303326830e+01 2.600000000000000000e+02
2.526588666939415972e+01 1.400384891590995196e+01 2.890326274336477468e+02 6.203396392185292996e+01 3.350551092624431249e+02 -4.239597273303326830e+01 2.600000000000000000e+02
2.574052101934726267e+01 1.350352910903245274e+01 2.820623374754695192e+02 5.169318870098445728e+01 3.154501433265028822e+02 -8.077053591833293922e+01 2.600000000000000000e+02
3.471446916795932935e+01 1.406243009435903168e+01 2.123087213422484751e+02 9.300287575646599691e+01 3.154501433265028822e+02 -8.077053591833293922e+01 2.600000000000000000e+02
4.117495000583019760e+01 1.388644612507077092e+01 1.096694656415590288e+02 1.032689325966536273e+02 2.118833413503282372e+02 -4.027236745111269300e+01 2.600000000000000000e+02
6.255376656052287387e+01 1.376025699649980005e+01 1.884327131156472603e+02 1.343189834176614283e+02 2.409905521100502028e+02 -8.298811486992623543e+01 2.600000000000000000e+02
4.273293210441283918e+01 1.361304985466923512e+01 1.981772864035534383e+02 9.299646905522962470e+01 1.609408810914768537e+02 -7.739315856721555065e+01 2.600000000000000000e+02
3.193618356356002863e+01 1.371780325239417131e+01 2.056884006956042583e+02 7.233556934621707057e+01 2.084688865032054252e+02 -6.712171522974193749e+01 2.600000000000000000e+02
6.960168290811439817e+01 1.397213007191413503e+01 1.459476770808870754e+02 1.755995189531568315e+02 2.244879783845544807e+02 -5.062373810885505065e+01 2.600000000000000000e+02
6.155234321939829556e+01 1.367600842634958269e+01 1.976280326205302060e+02 1.136623524160529115e+02 9.430730245357078445e+01 -8.740064671597031065e+01 2.600000000000000000e+02
2.564946435425424909e+01 1.387735154937502635e+01 3.422866025421876657e+02 6.205534278014037852e+01 2.945256923624305614e+02 -2.955907696557874687e+01 2.600000000000000000e+02
2.529980284733129636e+01 1.392132108104849841e+01 3.005207890258384396e+02 6.203823880959897963e+01 2.945256923624305614e+02 -2.955907696557874687e+01 2.600000000000000000e+02
2.597804338212436903e+01 1.420718141506687360e+01 2.375618072879719875e+02 7.235052140540636856e+01 2.945256923624305614e+02 -2.955907696557874687e+01 2.600000000000000000e+02
2.792276934866074711e+01 1.377899707915312888e+01 1.873190248929219592e+02 7.232560388158420039e+01 2.945256923624305614e+02 -2.955907696557874687e+01 2.600000000000000000e+02
3.482337921657447311e+01 1.327234989853692682e+01 2.060257314177920591e+02 5.166826345091045170e+01 1.647632889330529338e+02 -8.786729035986674319e+01 2.600000000000000000e+02
3.000721507008998756e+01 1.348832622646509627e+01 2.150695849495608343e+02 6.200405207589358270e+01 1.848638817685018125e+02 -8.127174525944266748e+01 2.600000000000000000e+02
3.082650335872690306e+01 1.373299289659739664e+01 1.495636179470383240e+02 7.230567912960917454e+01 2.320441363022322037e+02 -3.460969464587579836e+01 2.600000000000000000e+02
3.394089738149209978e+01 1.335868172386069297e+01 1.371429668726967179e+02 5.164335622401637949e+01 3.565063267789441284e+02 -3.524392419097902973e+01 2.600000000000000000e+02
2.842496254744064643e+01 1.368272348244522441e+01 3.372508057889372708e+02 6.205534278014037852e+01 2.692808562007841715e+02 -6.671959679646572283e+01 2.600000000000000000e+02
2.960638523527949317e+01 1.342770976178606368e+01 2.136249398383053517e+02 6.200405207589358270e+01 2.692808562007841715e+02 -6.671959679646572283e+01 2.600000000000000000e+02
2.428443534664339865e+01 1.421687575211214316e+01 1.055869159843926184e+02 7.228576260992034008e+01 2.641324845997548323e+02 -3.146060479942720889e+01 2.600000000000000000e+02
8.798913940160109348e+01 1.405971308879347959e+01 2.645884996498267583e+02 2.170815013113340797e+02 3.341050387515684292e+02 -3.067638696493575878e+01 2.600000000000000000e+02
2.368290263348464109e+01 1.444602037116097293e+01 2.793545419192373060e+02 7.237046469683255623e+01 3.341050387515684292e+02 -3.067638696493575878e+01 2.600000000000000000e+02
3.494141546879495763e+01 1.450339507592621224e+01 1.385453187315893615e+02 1.136153869264949634e+02 3.341050387515684292e+02 -3.067638696493575878e+01 2.600000000000000000e+02
3.801668812410536447e+01 1.330774824550461943e+01 2.082728880596002909e+02 5.166826345091045170e+01 1.630018800498733924e+02 -8.724452598799702230e+01 2.600000000000000000e+02
2.930994957100340059e+01 1.404504441433643436e+01 1.573816831869760051e+02 7.231065954559537090e+01 2.255793442261114023e+01 -6.165942742010578570e+01 2.600000000000000000e+02
7.216458397403320646e+01 1.440760400236275096e+01 2.556637464741691872e+02 2.274108838971777402e+02 2.997045471831370946e+02 -6.397794961096060717e+01 2.600000000000000000e+02
3.124964842556154920e+01 1.341094592293112875e+01 1.907859781424724304e+02 5.166114526202058244e+01 2.997045471831370946e+02 -6.397794961096060717e+01 2.600000000000000000e+02
2.949069087862352490e+01 1.357510869251724372e+01 1.415415396777144679e+02 6.197416185928567955e+01 2.167975985855360364e+02 -4.998593549120138135e+01 2.600000000000000000e+02
2.879768890933683778e+01 1.389521498965632063e+01 3.614264460697705772e+02 7.241037602575916310e+01 3.057418895239348444e+02 -3.587911812997960226e+01 2.600000000000000000e+02
4.313420845193646613e+01 1.446656276304397437e+01 2.828260900564052918e+02 1.344022963661432186e+02 3.057418895239348444e+02 -3.587911812997960226e+01 2.600000000000000000e+02
2.580207443940749457e+01 1.373085385433373595e+01 2.105110054708380574e+02 5.166826345091045170e+01 1.725414957704345227e+02 -6.587763784366704556e+01 2.600000000000000000e+02
6.045279355251869191e+01 1.379647789659244417e+01 1.998365601781655414e+02 1.343282365858814558e+02 2.747244777973936039e+02 -7.825049874516707860e+01 2.600000000000000000e+02
3.752127285586885108e+01 1.414561213190428646e+01 2.729107383817778327e+02 1.137171823025977204e+02 3.346725186221192416e+02 -3.542534131788396934e+01 2.600000000000000000e+02
2.839386798412100887e+01 1.366123893620544294e+01 3.802125757997168876e+02 6.207245382502429010e+01 2.770355683940776430e+02 -3.230331791457670931e+01 2.600000000000000000e+02
5.356569882160097507e+01 1.375255547161960656e+01 1.439822862084269843e+02 1.136232124863538928e+02 2.770355683940776430e+02 -3.230331791457670931e+01 2.600000000000000000e+02
2.668297986436057201e+01 1.371476417616638344e+01 1.286263093188874791e+02 6.196989359285302612e+01 2.583952180329790238e+01 -3.372860898215746772e+01 2.600000000000000000e+02
2.747662362375657708e+01 1.363138097094256196e+01 3.904156774793738691e+02 6.207673269204504862e+01 3.239073368297152911e+02 -4.596486985223904043e+01 2.600000000000000000e+02
3.397282842510103507e+01 1.439066643872999940e+01 3.221068960806657628e+02 1.137563708013090178e+02 3.239073368297152911e+02 -4.596486985223904043e+01 2.600000000000000000e+02
6.613157957409417520e+01 1.343538344463024359e+01 1.016282909591737251e+02 8.260945593706669854e+01 1.812130407856034537e+02 -8.922047397544142200e+01 2.600000000000000000e+02
3.820445641072028309e+01 1.442203335554600585e+01 1.424558139316735605e+02 1.239483276874615854e+02 3.105161927407656464e+01 -4.336087087356514047e+01 2.600000000000000000e+02
2.538062477501543057e+01 1.400417117449336502e+01 2.922934752661171274e+02 7.237545180815230594e+01 2.953482868307214630e+02 -2.623310523419637974e+01 2.600000000000000000e+02
2.476310163957778698e+01 1.410695422107027497e+01 2.377939353734545023e+02 7.235052140540636856e+01 2.953482868307214630e+02 -2.623310523419637974e+01 2.600000000000000000e+02
3.133616740179330762e+01 1.407240655312360289e+01 1.930959339646719002e+02 8.266068043024650080e+01 2.953482868307214630e+02 -2.623310523419637974e+01 2.600000000000000000e+02
3.005571380973108475e+01 1.375212438493537270e+01 1.543851922314493095e+02 7.231065954559537090e+01 2.412124470385140853e+02 -3.190976790243267658e+01 2.600000000000000000e+02
2.277493764641937446e+01 1.378011297019568637e+01 3.482814121736281550e+02 5.171456755927189874e+01 3.149527099230433009e+02 -4.450373270422656446e+01 2.600000000000000000e+02
3.648517643936789057e+01 1.408235862923637072e+01 2.934606025607917559e+02 1.033970666466774446e+02 3.149527099230433009e+02 -4.450373270422656446e+01 2.600000000000000000e+02
2.534743395125261145e+01 1.433222563871285260e+01 2.078522717461688103e+02 7.233556934621707057e+01 3.149527099230433009e+02 -4.450373270422656446e+01 2.600000000000000000e+02
2.128354097090917207e+01 1.441116865509921929e+01 1.584751364233723336e+02 6.198269971526207200e+01 3.149527099230433009e+02 -4.450373270422656446e+01 2.600000000000000000e+02
3.497969733909673096e+01 1.364066610363286358e+01 2.047628298411436276e+02 8.266637498148637064e+01 2.203296356178192354e+02 -7.414448441153409419e+01 2.600000000000000000e+02
3.387034413549499590e+01 1.349107119900065577e+01 2.183494348787855870e+02 6.200405207589358270e+01 2.614567007571648105e+02 -7.481161318932232973e+01 2.600000000000000000e+02
2.568121693975126973e+01 1.355050289570357513e+01 1.378778823670913880e+02 5.164335622401637949e+01 2.314912282140114428e+02 -4.587478009272128787e+01 2.600000000000000000e+02
2.994705899389580495e+01 1.360494491222374513e+01 2.764514471528725608e+02 6.202968947596408356e+01 2.981780120721943490e+02 -8.272658339996202415e+01 2.600000000000000000e+02
2.837561387325874307e+01 1.345229703050133452e+01 1.403737799663814201e+02 5.164335622401637949e+01 2.981780120721943490e+02 -8.272658339996202415e+01 2.600000000000000000e+02
2.270535360800190006e+01 1.367504050324252773e+01 3.728400697366236614e+02 5.172526196221366490e+01 2.794659959502262154e+02 -3.538752026795206973e+01 2.600000000000000000e+02
3.217693382075242425e+01 1.347159091462323843e+01 3.339590832155872704e+02 5.171100349540915175e+01 2.794659959502262154e+02 -3.538752026795206973e+01 2.600000000000000000e+02
5.809300058601051120e+01 1.369527821030612103e+01 2.550730531002124906e+02 1.240422877939190016e+02 2.794659959502262154e+02 -3.538752026795206973e+01 2.600000000000000000e+02
3.510512693401774698e+01 1.352502021934783372e+01 1.268375235546598816e+02 7.229571984098734561e+01 2.794659959502262154e+02 -3.538752026795206973e+01 2.600000000000000000e+02
3.105376740856143059e+01 1.346645952449981465e+01 2.965668555662318226e+02 6.203823880959897963e+01 4.139369156601816258e+01 -8.676307961979171068e+01 2.600000000000000000e+02
3.443989241361082065e+01 1.350603616369393301e+01 1.880064606872887794e+02 7.232560388158420039e+01 4.139369156601816258e+01 -8.676307961979171068e+01 2.600000000000000000e+02
2.791642162832202345e+01 1.364638498318224258e+01 3.386768531408330887e+02 6.205534278014037852e+01 2.694429522576012914e+02 -6.769511438087860711e+01 2.600000000000000000e+02
3.038048690331102009e+01 1.350329208292054872e+01 2.164112190552892514e+02 6.200405207589358270e+01 2.694429522576012914e+02 -6.769511438087860711e+01 2.600000000000000000e+02
3.041658550776861603e+01 1.423737546562239231e+01 2.334780220354096230e+02 8.268346216637299051e+01 3.015578163123943227e+02 -2.364495843620697713e+01 2.600000000000000000e+02
2.551105094099926873e+01 1.395792484016785373e+01 1.797893223268568192e+02 6.199123933576384360e+01 3.015578163123943227e+02 -2.364495843620697713e+01 2.600000000000000000e+02
3.110079760057203302e+01 1.332599240079099978e+01 1.335182652982601041e+02 5.164335622401637949e+01 3.560016412396888654e+02 -3.365728263235906326e+01 2.600000000000000000e+02
2.367747697871548240e+01 1.356094695962319818e+01 1.139115835665199938e+02 5.163624318140043101e+01 1.850657468918849986e+02 -6.143261794608268644e+01 2.600000000000000000e+02
