1.437996948234113859e+02 7.633910791097775927e+01 2.600000000000000000e+02
6.565127811983616368e+01 8.965976346775865125e+01 2.600000000000000000e+02
1.641849814572961463e+02 3.987128026873016040e+01 2.600000000000000000e+02
1.192858522774755556e+02 8.533435101637989817e+01 2.600000000000000000e+02
2.291799817372814800e+02 5.079675537901961491e+01 2.600000000000000000e+02
7.778639819790245724e+01 4.765853638131407166e+01 2.600000000000000000e+02
1.694329935856951863e+02 5.409811778336543853e+01 2.600000000000000000e+02
3.225294757935955090e+02 6.476554627200131620e+01 2.600000000000000000e+02
1.489209653534614404e+02 6.461973742707014878e+01 2.600000000000000000e+02
2.514320062065217201e+02 7.440991623494552698e+01 2.600000000000000000e+02
1.865225215570336843e+02 2.939372424443794074e+01 2.600000000000000000e+02
3.062349281313281608e+02 2.174929129323999177e+01 2.600000000000000000e+02
6.361617439039665811e+01 2.361583110520156481e+01 2.600000000000000000e+02
3.080256439157263912e+02 6.519445492440488010e+01 2.600000000000000000e+02
2.767128087220493171e+02 7.706851140608571882e+01 2.600000000000000000e+02
1.988276748968700645e+02 4.410415873354359917e+01 2.600000000000000000e+02
1.027252601631116420e+02 7.814133855074830137e+01 2.600000000000000000e+02
3.423794146517134322e+02 7.919404319917144619e+01 2.600000000000000000e+02
6.870911843658650753e+01 7.118978542921270503e+01 2.600000000000000000e+02
2.490990130062761523e+02 7.476295097555031077e+01 2.600000000000000000e+02
2.075288063619342722e+02 4.409845768653480746e+01 2.600000000000000000e+02
6.901881394706282435e+01 6.544119904154251799e+01 2.600000000000000000e+02
8.772208494256879874e+01 2.792434439350942199e+01 2.600000000000000000e+02
2.631720862916770329e+02 4.944109659586934669e+01 2.600000000000000000e+02
1.044013461904356177e+00 8.842345405288061500e+01 2.600000000000000000e+02
8.271059937669427597e+01 5.308947974644292600e+01 2.600000000000000000e+02
2.339720849028287546e+02 3.424951980412480879e+01 2.600000000000000000e+02
1.499813529628388267e+02 2.553490766936552347e+01 2.600000000000000000e+02
3.472200969023874109e+02 8.445535859133670442e+01 2.600000000000000000e+02
2.460231615905534852e+02 4.015713733883622893e+01 2.600000000000000000e+02
1.953876528818811664e+02 2.241660837816489504e+01 2.600000000000000000e+02
2.876506817440536565e+02 6.152013217052054017e+01 2.600000000000000000e+02
2.984473230538562802e+02 7.930573036336161863e+01 2.600000000000000000e+02
3.078329005720168539e+02 3.547341084324962424e+01 2.600000000000000000e+02
1.758933072372750246e+02 7.268031369479405157e+01 2.600000000000000000e+02
1.403628575465666302e+02 5.003940099131246200e+01 2.600000000000000000e+02
4.606130666917641037e+01 7.414605704373676076e+01 2.600000000000000000e+02
1.822325345841740329e+02 6.251499089420239130e+01 2.600000000000000000e+02
2.555656148802705729e+02 8.856982204996383246e+01 2.600000000000000000e+02
1.668640390332867298e+02 8.416166940931056217e+01 2.600000000000000000e+02
2.405246364027079835e+02 6.334255240314361401e+01 2.600000000000000000e+02
2.465037174178500265e+02 4.625710924763493637e+01 2.600000000000000000e+02
2.098110347309442147e+02 3.860700436165290483e+01 2.600000000000000000e+02
2.562164047159534448e+02 5.827048884505758508e+01 2.600000000000000000e+02
2.501468828149679950e+02 5.118480837740616352e+01 2.600000000000000000e+02
2.323373332440951060e+02 5.797433886957326621e+01 2.600000000000000000e+02
2.896673509940704889e+02 7.770443127896176350e+01 2.600000000000000000e+02
2.521029440412445979e+02 2.426980421829038903e+01 2.600000000000000000e+02
1.850189833044807131e+02 2.628422897797064195e+01 2.600000000000000000e+02
2.702089566521682684e+01 3.446016543738469551e+01 2.600000000000000000e+02
2.175051924135276238e+02 4.834332193705454728e+01 2.600000000000000000e+02
3.532694338048387976e+02 3.912925033121849339e+01 2.600000000000000000e+02
5.189411366437954598e+01 7.985678633079794508e+01 2.600000000000000000e+02
1.004057040688347335e+01 4.347929934834945698e+01 2.600000000000000000e+02
2.907691017250796790e+02 3.220005531912827479e+01 2.600000000000000000e+02
2.275601168567258128e+02 8.201935463911195257e+01 2.600000000000000000e+02
1.132536428109898594e+02 5.096893616830569584e+01 2.600000000000000000e+02
3.504726457718390265e+01 2.014927238410393784e+01 2.600000000000000000e+02
2.324983759660074440e+02 5.830220566887795997e+01 2.600000000000000000e+02
1.319971457419556486e+02 5.130129314747900793e+01 2.600000000000000000e+02
8.179019837049947839e+00 5.469744576923217494e+01 2.600000000000000000e+02
2.515575457594393640e+02 6.409252790490893403e+01 2.600000000000000000e+02
7.903427875520262091e+01 4.833648829123808355e+01 2.600000000000000000e+02
3.491183359559543646e+02 8.603629355410431856e+01 2.600000000000000000e+02
1.887163785829105791e+02 7.457376529545020105e+01 2.600000000000000000e+02
2.558671995631511038e+02 5.434802539350859263e+01 2.600000000000000000e+02
2.886222925665477135e+01 6.604980888827141428e+01 2.600000000000000000e+02
1.379138449269182161e+02 4.582199490241838902e+01 2.600000000000000000e+02
2.919057086537405326e+02 8.139479591589092422e+01 2.600000000000000000e+02
1.204925109895609836e+02 2.472228057626281839e+01 2.600000000000000000e+02
2.041671189869841214e+02 7.713709543501157384e+01 2.600000000000000000e+02
2.834147005789660625e+02 3.379671889487756431e+01 2.600000000000000000e+02
3.087516895498930936e+01 2.733684987815753686e+01 2.600000000000000000e+02
2.697070079724065295e+02 6.781067996113921481e+01 2.600000000000000000e+02
3.493257462258204669e+02 4.082858973121283697e+01 2.600000000000000000e+02
2.961392339628215353e+01 7.883875624831701145e+01 2.600000000000000000e+02
5.206535159973720539e+01 8.671842427833173872e+01 2.600000000000000000e+02
1.960653677107294754e+02 2.547925305424347187e+01 2.600000000000000000e+02
1.399107823012881795e+02 6.965487257846935165e+01 2.600000000000000000e+02
6.814668930597429153e+01 8.265315981702232762e+01 2.600000000000000000e+02
4.943496226964088081e+00 6.787328272423518172e+01 2.600000000000000000e+02
2.315935004285253171e+02 7.149364334313804648e+01 2.600000000000000000e+02
3.347179518574426282e+01 8.976296149034803307e+01 2.600000000000000000e+02
4.347651872823325903e+01 7.286659398749530681e+01 2.600000000000000000e+02
3.022451293647808370e+02 8.542264499073866091e+01 2.600000000000000000e+02
1.110843640843274116e+01 3.399419442634307842e+01 2.600000000000000000e+02
6.396684375592531779e-01 2.552882875510998417e+01 2.600000000000000000e+02
3.272463892184249517e+02 5.330491982072165769e+01 2.600000000000000000e+02
2.399597983634339471e+02 3.206058408158941830e+01 2.600000000000000000e+02
1.718806938275188827e+02 5.065198736384583356e+01 2.600000000000000000e+02
2.032167413274702596e+02 8.310585023910815039e+01 2.600000000000000000e+02
7.704851057625806732e+01 2.788523023702250470e+01 2.600000000000000000e+02
2.953276596621727634e+01 8.476865158852727689e+01 2.600000000000000000e+02
2.144847147342272535e+02 6.893750893447523254e+01 2.600000000000000000e+02
3.140290363622037617e+01 2.889757937077298777e+01 2.600000000000000000e+02
2.933072076062530869e+02 5.478565711920106196e+01 2.600000000000000000e+02
1.765012604058430270e+02 3.666606439412487362e+01 2.600000000000000000e+02
2.948828320569391082e+01 2.157897227183943301e+01 2.600000000000000000e+02
1.147726781073773878e+02 8.307496193440753984e+01 2.600000000000000000e+02
1.461729062247424622e+02 4.220843200745727586e+01 2.600000000000000000e+02
9.772200090828471275e+01 3.269640203121832656e+01 2.600000000000000000e+02
3.480781336575220166e+02 6.139066480743622378e+01 2.600000000000000000e+02
1.019214969919070626e+02 4.995830625811005632e+01 2.600000000000000000e+02
3.526694812509973076e+02 8.430050893697266190e+01 2.600000000000000000e+02
4.862173636902473817e+01 6.210091322857446983e+01 2.600000000000000000e+02
1.556286279806296307e+02 2.223227820969349011e+01 2.600000000000000000e+02
2.326826228194544228e+02 4.193505342949016068e+01 2.600000000000000000e+02
2.240509414870307126e+02 6.848849134309563169e+01 2.600000000000000000e+02
2.399295265132518296e+02 2.466910014303876153e+01 2.600000000000000000e+02
3.043190776332600649e+02 6.747321201924025047e+01 2.600000000000000000e+02
2.057871598912604156e+02 8.820597347076326855e+01 2.600000000000000000e+02
3.807314058541861357e+01 5.891999411630612116e+01 2.600000000000000000e+02
9.135220969885958198e+01 5.840697580302770575e+01 2.600000000000000000e+02
9.904029154201515439e+01 8.561309270646684411e+01 2.600000000000000000e+02
1.343417161648036142e+02 6.631755124074589958e+01 2.600000000000000000e+02
1.403415559988735311e+02 2.666961542071764057e+01 2.600000000000000000e+02
1.893770797293647590e+01 8.355377627369411186e+01 2.600000000000000000e+02
2.206196605682456209e+02 4.140385238375693433e+01 2.600000000000000000e+02
2.972027912590738765e+02 -7.825619611852465596e+01 2.600000000000000000e+02
1.192054585977553671e+02 -8.079211591577067963e+01 2.600000000000000000e+02
3.897658369502569542e+01 -3.114260514659466850e+01 2.600000000000000000e+02
2.074943700530670867e+02 -5.947825800166017274e+01 2.600000000000000000e+02
2.910207825741982788e+02 -2.069692598697440644e+01 2.600000000000000000e+02
2.072590334771020935e+02 -8.799326718165087868e+01 2.600000000000000000e+02
2.398275413311611004e+01 -5.416604501409469918e+01 2.600000000000000000e+02
2.791322940862255564e+02 -8.279789914206007495e+01 2.600000000000000000e+02
2.699491730122477975e+02 -8.513217856862789290e+01 2.600000000000000000e+02
2.205804788566530590e+02 -7.918165238665586969e+01 2.600000000000000000e+02
2.818216998696881319e+02 -8.357546015864636502e+01 2.600000000000000000e+02
1.646196547959973771e+02 -2.661159506741331171e+01 2.600000000000000000e+02
1.987217975639594556e+02 -6.156531116526667802e+01 2.600000000000000000e+02
2.382976352710774393e+02 -6.314978700181618620e+01 2.600000000000000000e+02
3.457050496486026532e+02 -7.420165945252729500e+01 2.600000000000000000e+02
2.951017803213141519e+02 -8.231312685643069926e+01 2.600000000000000000e+02
3.464154907492096527e+02 -2.965041592960239569e+01 2.600000000000000000e+02
2.948766244992889938e+02 -4.633371547219494602e+01 2.600000000000000000e+02
2.900491980813065425e+02 -8.223736632184655093e+01 2.600000000000000000e+02
1.961062551349189107e+02 -6.219644439352955345e+01 2.600000000000000000e+02
6.697734007283422386e+00 -6.583649371048240084e+01 2.600000000000000000e+02
8.445120506633632829e+01 -3.600921534173997429e+01 2.600000000000000000e+02
1.609124864959846377e+02 -5.887980800582545271e+01 2.600000000000000000e+02
2.021337260428485934e+02 -6.016881008168674327e+01 2.600000000000000000e+02
3.042523232227895846e+02 -2.087904758725333920e+01 2.600000000000000000e+02
1.603287526253550084e+02 -4.016867793113348029e+01 2.600000000000000000e+02
5.477023270954236978e+01 -6.721056612928630614e+01 2.600000000000000000e+02
1.475135750054685104e+02 -8.257663883548953265e+01 2.600000000000000000e+02
5.915933966863848781e+01 -7.237166731653189800e+01 2.600000000000000000e+02
3.418232761093902354e+02 -8.032459060281617269e+01 2.600000000000000000e+02
9.138455026034968398e+01 -5.203989825748795539e+01 2.600000000000000000e+02
4.857617114128195368e+01 -4.277765504216519332e+01 2.600000000000000000e+02
3.681930526585131958e+01 -7.343580917925791596e+01 2.600000000000000000e+02
2.831932889389913726e+02 -3.906185577126900910e+01 2.600000000000000000e+02
1.948849254076313855e+02 -2.146065821370012827e+01 2.600000000000000000e+02
6.337628969789211908e+01 -5.354593822133579550e+01 2.600000000000000000e+02
1.591155165242213343e+02 -8.774035718718923249e+01 2.600000000000000000e+02
2.619952690533345674e+01 -2.499717161807500077e+01 2.600000000000000000e+02
3.040892932930564143e+02 -7.883036319128460434e+01 2.600000000000000000e+02
8.104193464194513297e+01 -7.847256821549630956e+01 2.600000000000000000e+02
2.841056892977729262e+02 -8.668640822069214380e+01 2.600000000000000000e+02
3.827656814042241962e+01 -8.255455591041454966e+01 2.600000000000000000e+02
1.303125925670384220e+02 -8.226083272996359597e+01 2.600000000000000000e+02
2.411992425734483447e+01 -7.199084310424285604e+01 2.600000000000000000e+02
1.116029688790581815e+02 -4.686462733266764502e+01 2.600000000000000000e+02
3.350551092624431249e+02 -4.239597273303326830e+01 2.600000000000000000e+02
3.154501433265028822e+02 -8.077053591833293922e+01 2.600000000000000000e+02
2.118833413503282372e+02 -4.027236745111269300e+01 2.600000000000000000e+02
2.057507946411277260e+02 -2.776330737162529516e+01 2.600000000000000000e+02
2.409905521100502028e+02 -8.298811486992623543e+01 2.600000000000000000e+02
2.479245386102106465e+02 -5.104667437398443042e+01 2.600000000000000000e+02
1.609408810914768537e+02 -7.739315856721555065e+01 2.600000000000000000e+02
2.084688865032054252e+02 -6.712171522974193749e+01 2.600000000000000000e+02
1.617552043558659136e+02 -2.295294055488015772e+01 2.600000000000000000e+02
2.244879783845544807e+02 -5.062373810885505065e+01 2.600000000000000000e+02
9.430730245357078445e+01 -8.740064671597031065e+01 2.600000000000000000e+02
2.945256923624305614e+02 -2.955907696557874687e+01 2.600000000000000000e+02
1.233257136928264117e+02 -2.901386652788950471e+01 2.600000000000000000e+02
1.647632889330529338e+02 -8.786729035986674319e+01 2.600000000000000000e+02
1.848638817685018125e+02 -8.127174525944266748e+01 2.600000000000000000e+02
7.529109267822373397e+01 -6.866129714826703889e+01 2.600000000000000000e+02
1.445348716979220285e+02 -3.718000997292474352e+01 2.600000000000000000e+02
2.320441363022322037e+02 -3.460969464587579836e+01 2.600000000000000000e+02
3.565063267789441284e+02 -3.524392419097902973e+01 2.600000000000000000e+02
1.982842780682236850e-01 -4.979951034864772197e+01 2.600000000000000000e+02
1.570829360666382684e+02 -4.885406820651447646e+01 2.600000000000000000e+02
2.692808562007841715e+02 -6.671959679646572283e+01 2.600000000000000000e+02
3.591774476724412324e+01 -2.186825540140232249e+01 2.600000000000000000e+02
2.641324845997548323e+02 -3.146060479942720889e+01 2.600000000000000000e+02
1.026663321024982594e+02 -4.975889402924608618e+01 2.600000000000000000e+02
3.341050387515684292e+02 -3.067638696493575878e+01 2.600000000000000000e+02
8.758369405916981520e+01 -6.317207854671835321e+01 2.600000000000000000e+02
1.708484425650847811e+02 -7.265837385084697075e+01 2.600000000000000000e+02
1.630018800498733924e+02 -8.724452598799702230e+01 2.600000000000000000e+02
1.139267865284919310e+02 -4.474042538785194978e+01 2.600000000000000000e+02
2.255793442261114023e+01 -6.165942742010578570e+01 2.600000000000000000e+02
2.997045471831370946e+02 -6.397794961096060717e+01 2.600000000000000000e+02
1.146123878797038032e+02 -7.587939050962413035e+01 2.600000000000000000e+02
3.527932375824116775e+02 -3.907884433990145823e+01 2.600000000000000000e+02
1.084834251596914783e+02 -3.577247995168899308e+01 2.600000000000000000e+02
2.167975985855360364e+02 -4.998593549120138135e+01 2.600000000000000000e+02
3.057418895239348444e+02 -3.587911812997960226e+01 2.600000000000000000e+02
2.590581982820211806e+02 -4.770103672964945929e+01 2.600000000000000000e+02
1.725414957704345227e+02 -6.587763784366704556e+01 2.600000000000000000e+02
2.747244777973936039e+02 -7.825049874516707860e+01 2.600000000000000000e+02
3.346725186221192416e+02 -3.542534131788396934e+01 2.600000000000000000e+02
2.090576210029091726e+02 -2.873127398075294536e+01 2.600000000000000000e+02
1.274670049015265505e+02 -6.538735582930371493e+01 2.600000000000000000e+02
2.770355683940776430e+02 -3.230331791457670931e+01 2.600000000000000000e+02
2.583952180329790238e+01 -3.372860898215746772e+01 2.600000000000000000e+02
8.592476217198368715e+01 -6.787196514701776096e+01 2.600000000000000000e+02
6.329577403526719337e+01 -2.533095252795516217e+01 2.600000000000000000e+02
1.221951390712112726e+02 -3.164976934074964987e+01 2.600000000000000000e+02
1.635319184238944388e+02 -6.472571775953220197e+01 2.600000000000000000e+02
3.239073368297152911e+02 -4.596486985223904043e+01 2.600000000000000000e+02
1.812130407856034537e+02 -8.922047397544142200e+01 2.600000000000000000e+02
2.622780017842537745e+02 -5.691819306450400973e+01 2.600000000000000000e+02
3.105161927407656464e+01 -4.336087087356514047e+01 2.600000000000000000e+02
2.953482868307214630e+02 -2.623310523419637974e+01 2.600000000000000000e+02
2.412124470385140853e+02 -3.190976790243267658e+01 2.600000000000000000e+02
5.529339177441943320e+01 -2.538452115051782698e+01 2.600000000000000000e+02
2.427108348701218290e+02 -2.252437032819430840e+01 2.600000000000000000e+02
7.141141033459214782e+01 -2.436024029289096404e+01 2.600000000000000000e+02
1.264619545002765051e+02 -5.138614644875160309e+01 2.600000000000000000e+02
1.544524823330411323e+02 -4.036539843885033463e+01 2.600000000000000000e+02
3.149527099230433009e+02 -4.450373270422656446e+01 2.600000000000000000e+02
2.203296356178192354e+02 -7.414448441153409419e+01 2.600000000000000000e+02
2.614567007571648105e+02 -7.481161318932232973e+01 2.600000000000000000e+02
2.314912282140114428e+02 -4.587478009272128787e+01 2.600000000000000000e+02
2.981780120721943490e+02 -8.272658339996202415e+01 2.600000000000000000e+02
2.794659959502262154e+02 -3.538752026795206973e+01 2.600000000000000000e+02
4.139369156601816258e+01 -8.676307961979171068e+01 2.600000000000000000e+02
2.694429522576012914e+02 -6.769511438087860711e+01 2.600000000000000000e+02
3.015578163123943227e+02 -2.364495843620697713e+01 2.600000000000000000e+02
1.090893575580382873e+02 -5.109250954200169303e+01 2.600000000000000000e+02
3.560016412396888654e+02 -3.365728263235906326e+01 2.600000000000000000e+02
1.902605431379380434e+02 -3.040815160105888992e+01 2.600000000000000000e+02
1.850657468918849986e+02 -6.143261794608268644e+01 2.600000000000000000e+02
