4.901825149872253649e+06
9.514999102628562599e+06
1.410270885077330656e+07
1.469745861944564991e+07
1.526992684475204721e+07
1.664398140407898836e+07
1.668955777454074658e+07
1.793978198969217762e+07
2.077647474888304248e+07
1.883113100846455246e+07
2.176836820504060760e+07
2.316896145386122540e+07
2.207201490398750082e+07
2.703132088233738393e+07
2.447108782411964983e+07
3.005461232947073877e+07
2.720201447325647622e+07
2.644416519917791709e+07
2.528895739839486778e+07
2.958523677852375060e+07
2.790580616241216287e+07
2.891487376755528152e+07
3.190585828838623315e+07
3.304475264249980822e+07
3.142529750270712003e+07
3.426300209860738367e+07
3.405025255668736994e+07
2.074529303237264231e+07
1.883211738713840768e+07
1.905335239307235926e+07
2.718249221901769564e+07
3.356049416954677552e+07
3.190754263461050019e+07
2.746863183621203154e+07
2.277571979278580472e+07
2.800998867559367418e+07
2.431271942882046849e+07
2.630572954121871293e+07
2.742134323559566215e+07
4.994391690250482410e+07
3.350652477409254387e+07
2.617227914239819348e+07
3.982807102888466418e+07
2.670028794306771085e+07
2.058898465142934397e+07
2.980712368706561625e+07
1.406590572291378118e+07
1.422759205408196896e+07
2.003657785764840990e+07
1.914471832544146851e+07
1.936880474863652140e+07
3.911762714565702528e+07
4.545547407772701979e+07
3.764200831281805784e+07
3.147750499756793678e+07
3.251903120407924801e+07
3.171883336087970436e+07
3.535791866435158253e+07
3.114652123369196057e+07
2.470676871517653018e+07
2.335030934038488194e+07
2.295900554903431237e+07
2.649240145160508528e+07
2.476777061549504101e+07
2.341982976662594453e+07
2.422012749718740955e+07
2.945349552787874267e+07
2.913890492592938617e+07
2.742111969413111731e+07
2.011510786736884341e+07
2.195328447101021186e+07
1.871204436772538722e+07
1.970873425512247533e+07
1.935191065887765586e+07
1.561392309906549379e+07
1.402575906003076211e+07
1.280346146528596804e+07
1.121403110399150662e+07
1.258543053188937344e+07
1.382849126768193580e+07
1.782649534694612399e+07
2.408912457251416892e+07
1.658896384968094900e+07
1.586356299644162320e+07
2.121620418985700980e+07
1.474781353516215086e+07
1.913739729749242216e+07
2.406527643366008252e+07
2.254107720927654579e+07
3.303268570777218044e+07
3.154508826901662350e+07
2.872831932779899240e+07
3.370402827300679684e+07
2.785729690363082662e+07
2.877925827680718526e+07
2.716852044970192760e+07
2.693773488822148368e+07
2.419217085711143911e+07
2.057264136909558997e+07
2.121377028885247558e+07
1.949016528318538144e+07
1.473021357831783034e+07
1.383841460287676007e+07
1.465163121842238307e+07
1.440408453921648301e+07
1.465450021100879274e+07
1.334306694599062018e+07
1.332355375041065924e+07
1.335255033839854784e+07
1.351806133297169954e+07
1.300787628574694507e+07
1.303697565424907394e+07
1.371538556824704818e+07
1.249419192136866599e+07
1.241485018168877251e+07
1.175690489801134542e+07
1.149437221990012564e+07
9.314209385940348729e+06
1.035139660728088953e+07
1.089328662813618407e+07
1.229445907513188198e+07
1.179681404031338729e+07
8.760082873544279486e+06
7.942051283293949440e+06
7.435945783537291922e+06
7.551526574748182669e+06
8.554132714369958267e+06
9.532586623756930232e+06
9.125767719960931689e+06
9.052167565114043653e+06
8.853544238743692636e+06
8.310753916670623235e+06
8.633197778453093022e+06
9.684740268767217174e+06
1.030530058499277756e+07
1.114333615101417713e+07
9.844326396495684981e+06
1.059950189206764661e+07
9.395214355428000912e+06
1.014462650955142453e+07
1.142217533544201776e+07
1.328827371795327216e+07
1.068106616344266385e+07
1.733352183254254982e+07
1.491508156163948961e+07
1.706300156009937823e+07
1.127915474796736985e+07
1.037397419264407270e+07
1.297727747360258736e+07
1.225472743772322126e+07
1.299273117168250121e+07
